Date,Open,High,Low,Close,Adj Close,Volume
1990-03-26,4.01239,4.01239,3.97189,3.97189,3.97189,25395.537995982
1990-03-27,4.01239,4.01239,3.95187,3.95187,3.95187,121333.7839845
1990-03-28,3.98561,3.98561,3.95187,3.95187,3.95187,77596.570995109
1990-03-29,3.97189,4.07232,3.97189,4.04573,4.04573,438773.93096751
1990-03-30,4.0321,4.09253,4.0321,4.09253,4.09253,306156.41295894
1990-04-02,4.09253,4.09253,4.05908,4.05908,4.05908,67719.735503136
1990-04-03,4.05908,4.14588,4.05908,4.14588,4.14588,437366.01294373
1990-04-04,4.11901,4.11901,4.11901,4.11901,4.11901,80420.562976196
1990-04-05,4.13235,4.13235,4.08595,4.11901,4.11901,107222.99950427
1990-04-06,4.09253,4.10586,4.01239,4.01239,4.01239,349891.58696495
1990-04-09,3.99885,4.0321,3.98561,4.01239,4.01239,110050.04996043
1990-04-10,3.99885,4.01239,3.98561,4.01239,4.01239,25395.537995982
1990-04-11,3.98561,4.01239,3.98561,3.99885,3.99885,22573.584998275
1990-04-12,3.98561,4.01239,3.98561,3.98561,3.98561,90293.32050141
1990-04-16,4.01239,4.01239,3.98561,3.98561,3.98561,98759.179494531
1990-04-17,4.01239,4.01239,3.98561,3.99885,3.99885,142500.47045067
1990-04-18,4.0321,4.04573,4.01239,4.01239,4.01239,317444.22494977
1990-04-19,4.01239,4.0321,3.99885,4.01239,4.01239,348481.6299578
1990-04-20,4.0321,4.0321,3.99885,3.99885,3.99885,134034.61145756
1990-04-23,3.99885,4.01239,3.9247,3.95854,3.95854,809829.14592358
1990-04-24,3.9247,3.93862,3.91185,3.9247,3.9247,155196.20046528
1990-04-25,3.91185,3.93862,3.89822,3.89822,3.89822,303333.44046955
1990-04-26,3.89822,3.93862,3.81808,3.83809,3.83809,1218977.6678736
1990-04-27,3.83809,3.86468,3.83809,3.83809,3.83809,338603.77497412
1990-04-30,3.83809,3.83809,3.76443,3.81808,3.81808,362587.31697956
1990-05-01,3.80445,3.81808,3.80445,3.81808,3.81808,476871.31592824
1990-05-02,3.83113,3.86468,3.82456,3.8581,3.8581,447237.75097726
1990-05-03,3.86468,3.89822,3.85143,3.87792,3.87792,419023.31845864
1990-05-04,3.89135,3.95187,3.87792,3.91185,3.91185,629241.48542906
1990-05-07,3.9247,3.95854,3.9247,3.95854,3.95854,121333.7839845
1990-05-08,3.95854,4.0321,3.95854,3.99885,3.99885,845103.55839491
1990-05-09,3.97189,3.97189,3.93862,3.95187,3.95187,231380.77546986
1990-05-10,3.95854,3.95854,3.91185,3.93862,3.93862,261006.18448733
1990-05-11,3.91185,3.95187,3.91185,3.93167,3.93167,441596.9034569
1990-05-14,3.9247,3.99885,3.9247,3.99885,3.99885,371053.17597268
1990-05-15,3.97189,3.99885,3.97189,3.97189,3.97189,95939.265480205
1990-05-16,3.97189,3.99885,3.97189,3.99885,3.99885,158011.01702116
1990-05-17,4.0321,4.09253,4.00524,4.07232,4.07232,258184.23148962
1990-05-18,4.05908,4.07232,4.04573,4.07232,4.07232,402096.69793085
1990-05-21,4.05908,4.09253,4.05908,4.08595,4.08595,145317.32598992
1990-05-22,4.10586,4.14588,4.10586,4.14588,4.14588,146726.26350541
1990-05-23,4.10586,4.17993,4.10586,4.16649,4.16649,517779.43947809
1990-05-24,4.14588,4.16649,4.13235,4.13235,4.13235,104407.16345671
1990-05-25,4.13235,4.17993,4.13235,4.17993,4.17993,520605.47044256
1990-05-29,4.17277,4.20641,4.16649,4.17993,4.17993,284989.72649277
1990-05-30,4.20641,4.25339,4.20641,4.22612,4.22612,327320.04095006
1990-05-31,4.22612,4.35355,4.22612,4.3404,4.3404,680027.46396258
1990-06-01,4.32686,4.36041,4.32686,4.3404,4.3404,828167.76244192
1990-06-04,4.36041,4.39405,4.35355,4.38709,4.38709,586914.22944684
1990-06-05,4.37394,4.41406,4.37394,4.38709,4.38709,283583.84745236
1990-06-06,4.38709,4.40053,4.32686,4.32686,4.32686,358353.36799131
1990-06-07,4.3404,4.35355,4.32686,4.35355,4.35355,162248.02448449
1990-06-08,4.32686,4.35355,4.31352,4.3404,4.3404,217274.06895639
1990-06-11,4.31352,4.36041,4.31352,4.36041,4.36041,191876.49197703
1990-06-12,4.36041,4.4946,4.35355,4.4946,4.4946,648989.03946287
1990-06-13,4.52118,4.53451,4.4946,4.53451,4.53451,176357.78947302
1990-06-14,4.50784,4.59504,4.50784,4.5815,4.5815,426079.22044459
1990-06-15,4.5815,4.60857,4.5815,4.59504,4.59504,204575.28046671
1990-06-18,4.54796,4.54796,4.47429,4.4946,4.4946,308974.2879899
1990-06-19,4.4946,4.50784,4.48753,4.48753,4.48753,71955.723474765
1990-06-20,4.4946,4.50784,4.47429,4.48753,4.48753,215865.13144092
1990-06-21,4.48753,4.50784,4.48753,4.48753,4.48753,25395.537995982
1990-06-22,4.4946,4.50784,4.48753,4.48753,4.48753,167892.94997159
1990-06-25,4.47429,4.4946,4.44751,4.44751,4.44751,469815.41394228
1990-06-26,4.44751,4.47429,4.43427,4.43427,4.43427,433130.02497209
1990-06-27,4.43427,4.46095,4.40053,4.40053,4.40053,241256.59147013
1990-06-28,4.43427,4.43427,4.37394,4.37394,4.37394,79007.547493962
1990-06-29,4.37394,4.37394,4.3404,4.36041,4.36041,462761.55093971
1990-07-02,4.38709,4.38709,4.35355,4.35355,4.35355,229970.81846269
1990-07-03,4.35355,4.37394,4.35355,4.35355,4.35355,26803.456019766
1990-07-05,4.3404,4.3404,4.27998,4.31352,4.31352,204575.28046671
1990-07-06,4.23986,4.30018,4.23986,4.26653,4.26653,335782.84146811
1990-07-09,4.31352,4.31352,4.26653,4.31352,4.31352,194699.46446643
1990-07-10,4.31352,4.31352,4.31352,4.31352,4.31352,1409.9570071635
1990-07-11,4.27998,4.31352,4.27998,4.30018,4.30018,84647.375522617
1990-07-12,4.3404,4.36041,4.32686,4.36041,4.36041,447237.75097726
1990-07-13,4.35355,4.43427,4.35355,4.43427,4.43427,200338.27300339
1990-07-16,4.47429,4.50784,4.47429,4.50784,4.50784,269475.10195552
1990-07-17,4.48753,4.5612,4.48753,4.5612,4.5612,268061.06698159
1990-07-18,4.54796,4.54796,4.54796,4.54796,4.54796,118515.90895355
1990-07-19,4.5612,4.5612,4.50784,4.52805,4.52805,155196.20046528
1990-07-20,4.52118,4.54796,4.52118,4.54796,4.54796,28215.452010309
1990-07-23,4.54796,4.54796,4.4946,4.53451,4.53451,479691.22994257
1990-07-24,4.53451,4.62829,4.53451,4.59504,4.59504,399271.68645807
1990-07-25,4.62829,4.7558,4.6219,4.7558,4.7558,399271.68645807
1990-07-26,4.7558,4.80268,4.74207,4.76217,4.76217,417613.36145147
1990-07-27,4.7558,4.7558,4.68184,4.68184,4.68184,84647.375522617
1990-07-30,4.68184,4.68184,4.59504,4.59504,4.59504,198931.37447129
1990-07-31,4.59504,4.64182,4.5612,4.62829,4.62829,970668.23289258
1990-08-01,4.60857,4.62829,4.60857,4.60857,4.60857,110050.04996043
1990-08-02,4.6219,4.64182,4.6219,4.62829,4.62829,134034.61145756
1990-08-03,4.62829,4.64182,4.59504,4.62829,4.62829,1774851.4338374
1990-08-06,4.62829,4.62829,4.5612,4.57493,4.57493,434541.00147094
1990-08-07,4.5815,4.5815,4.53451,4.53451,4.53451,936803.77742842
1990-08-08,4.53451,4.54796,4.48753,4.52118,4.52118,2360356.7257687
1990-08-09,4.53451,4.62829,4.50784,4.61465,4.61465,395038.75696151
1990-08-10,4.62829,4.62829,4.60857,4.62829,4.62829,433130.02497209
1990-08-13,4.6219,4.6219,4.60857,4.60857,4.60857,76189.672463016
1990-08-14,4.64182,4.64182,4.60857,4.60857,4.60857,59251.837526635
1990-08-15,4.60857,4.64182,4.60857,4.64182,4.64182,81827.46150829
1990-08-16,4.6219,4.64182,4.6219,4.6219,4.6219,111457.96798421
1990-08-17,4.6219,4.6219,4.5815,4.6219,4.6219,403502.57697124
1990-08-20,4.5815,4.6219,4.5815,4.59504,4.59504,146726.26350541
1990-08-21,4.5612,4.59504,4.4946,4.4946,4.4946,1594262.7538511
1990-08-22,4.4946,4.50784,4.46095,4.47429,4.47429,1010173.5358771
1990-08-23,4.40053,4.40053,4.35355,4.35355,4.35355,1673273.3598202
1990-08-24,4.35355,4.37394,4.3404,4.36041,4.36041,674386.61644224
1990-08-27,4.38709,4.41406,4.37394,4.38709,4.38709,102992.10899109
1990-08-28,4.41406,4.41406,4.38709,4.41406,4.41406,232790.73247701
1990-08-29,4.41406,4.44751,4.38709,4.41406,4.41406,126974.63150484
1990-08-30,4.43427,4.44103,4.41406,4.41406,4.41406,328728.97846553
1990-08-31,4.44751,4.48753,4.41406,4.46095,4.46095,444419.8759463
1990-09-04,4.44751,4.52118,4.44751,4.48753,4.48753,107222.99950427
1990-09-05,4.52118,4.60857,4.4946,4.5815,4.5815,396450.75295205
1990-09-06,4.54796,4.5815,4.53451,4.5612,4.5612,286398.66400824
1990-09-07,4.54796,4.64182,4.52118,4.62829,4.62829,485331.05797122
1990-09-10,4.62829,4.72903,4.62829,4.71538,4.71538,283583.84745236
1990-09-11,4.69537,4.78924,4.69537,4.78228,4.78228,299100.51097299
1990-09-12,4.76217,4.76904,4.71538,4.71538,4.71538,589736.18244455
1990-09-13,4.69537,4.69537,4.60857,4.60857,4.60857,340016.79045636
1990-09-14,4.60857,4.62829,4.5612,4.5815,4.5815,1695843.8863434
1990-09-17,4.6219,4.6485,4.6219,4.6485,4.6485,524838.39993912
1990-09-18,4.6485,4.68852,4.6219,4.67537,4.67537,296277.53848359
1990-09-19,4.68852,4.74884,4.66202,4.68852,4.68852,656041.88297376
1990-09-20,4.74884,4.74884,4.70872,4.71538,4.71538,1200639.0513553
1990-09-21,4.67537,4.68852,4.48753,4.50107,4.50107,713891.91942675
1990-09-24,4.42054,4.42054,4.32686,4.3404,4.3404,1989303.5497961
1990-09-25,4.39405,4.39405,4.18591,4.21308,4.21308,2288404.060769
1990-09-26,4.19307,4.19307,3.95187,3.95187,3.95187,2445002.062308
1990-09-27,4.00524,4.0321,3.59689,3.93862,3.93862,4851924.071014
1990-09-28,3.91185,4.16649,3.76443,3.89135,3.89135,5721010.1519226
1990-10-01,3.87134,3.95187,3.81808,3.93862,3.93862,4215631.7810574
1990-10-02,3.95854,3.95854,3.77748,3.77748,3.77748,1944156.3797995
1990-10-03,3.76443,3.81808,3.74402,3.77748,3.77748,2787849.9811873
1990-10-04,3.79121,3.79121,3.73078,3.74402,3.74402,986188.97437998
1990-10-05,3.64368,3.73078,3.53677,3.53677,3.53677,1834110.4078059
1990-10-08,3.61023,3.65702,3.55688,3.59689,3.59689,1362882.997873
1990-10-09,3.55688,3.67045,3.52323,3.62357,3.62357,783024.67041212
1990-10-10,3.59689,3.70391,3.58375,3.62357,3.62357,562930.68744141
1990-10-11,3.59689,3.59689,3.47614,3.50312,3.50312,551644.91443396
1990-10-12,3.55688,3.58375,3.47614,3.55688,3.55688,1051087.7763772
1990-10-15,3.64368,3.83809,3.59689,3.83809,3.83809,1700077.8353316
1990-10-16,3.80445,4.09253,3.80445,4.05908,4.05908,2597380.3877423
1990-10-17,4.04573,4.07919,3.88516,3.95187,3.95187,1419317.9798604
1990-10-18,3.93862,3.9918,3.82456,3.91185,3.91185,626418.51293967
1990-10-19,3.95187,3.95854,3.83809,3.85143,3.85143,313208.23697815
1990-10-22,3.82456,3.91185,3.76443,3.83809,3.83809,691318.33442848
1990-10-23,3.88516,3.97189,3.82456,3.9247,3.9247,925516.98492928
1990-10-24,3.85143,3.97189,3.85143,3.93862,3.93862,754807.17941843
1990-10-25,3.91185,3.91185,3.77748,3.84467,3.84467,479691.22994257
1990-10-26,3.82456,3.82456,3.70391,3.71735,3.71735,320266.17794747
1990-10-29,3.76443,3.79121,3.69066,3.69066,3.69066,176357.78947302
1990-10-30,3.64368,3.69066,3.50312,3.62357,3.62357,818296.02440839
1990-10-31,3.684,3.77748,3.67045,3.74402,3.74402,1007349.543896
1990-11-01,3.71735,3.76443,3.69066,3.76443,3.76443,124154.71749051
1990-11-02,3.76443,3.88516,3.71735,3.87134,3.87134,334372.88446094
1990-11-05,3.87134,3.93862,3.85143,3.93862,3.93862,143903.29101601
1990-11-06,3.93862,4.00524,3.9247,3.9247,3.9247,392217.82345549
1990-11-07,3.89822,3.9247,3.87134,3.88516,3.88516,152368.13051744
1990-11-08,3.85143,3.95854,3.85143,3.91185,3.91185,128385.6080037
1990-11-09,3.95187,4.07232,3.93862,4.04573,4.04573,677209.58893163
1990-11-12,4.07232,4.15286,4.01876,4.11274,4.11274,245488.501475
1990-11-13,4.20641,4.21975,4.11274,4.15286,4.15286,526244.27897953
1990-11-14,4.11274,4.20641,4.09253,4.19307,4.19307,125563.65500599
1990-11-15,4.17993,4.21975,4.13951,4.15286,4.15286,519194.49394371
1990-11-16,4.15286,4.20641,4.07232,4.12607,4.12607,246894.38051541
1990-11-19,4.09253,4.26017,4.09253,4.23338,4.23338,299100.51097299
1990-11-20,4.30018,4.44751,4.28714,4.32686,4.32686,1012995.4888748
1990-11-21,4.33363,4.33363,4.28714,4.28714,4.28714,438773.93096751
1990-11-23,4.28714,4.32686,4.28714,4.28714,4.28714,42324.197507154
1990-11-26,4.26017,4.30018,4.23338,4.28714,4.28714,100174.23396014
1990-11-27,4.31352,4.39405,4.2737,4.39405,4.39405,352715.57894604
1990-11-28,4.39405,4.43427,4.3404,4.39405,4.39405,132617.51800856
1990-11-29,4.32686,4.36708,4.29322,4.30018,4.30018,407737.54545118
1990-11-30,4.31352,4.36708,4.30018,4.30018,4.30018,155196.20046528
1990-12-03,4.3404,4.36708,4.30018,4.33363,4.33363,238432.59948905
1990-12-04,4.33363,4.42054,4.31352,4.36708,4.36708,550242.09386863
1990-12-05,4.43427,4.50107,4.39405,4.50107,4.50107,675801.67090784
1990-12-06,4.50107,4.56807,4.50107,4.55472,4.55472,464170.48845518
1990-12-07,4.51441,4.58817,4.51441,4.54129,4.54129,308974.2879899
1990-12-10,4.54129,4.58817,4.50107,4.50784,4.50784,193288.48796758
1990-12-11,4.50107,4.50107,4.46782,4.48753,4.48753,244077.52497615
1990-12-12,4.46782,4.56807,4.46782,4.56807,4.56807,183410.63298391
1990-12-13,4.61465,4.68852,4.61465,4.68852,4.68852,341424.70848015
1990-12-14,4.6219,4.6485,4.58817,4.63486,4.63486,265239.11398389
1990-12-17,4.58817,4.64182,4.58817,4.60857,4.60857,153788.2824415
1990-12-18,4.63486,4.65497,4.60857,4.65497,4.65497,117102.89347132
1990-12-19,4.64182,4.66851,4.60857,4.61465,4.61465,424662.1269956
1990-12-20,4.5612,4.6219,4.54796,4.58817,4.58817,297692.59294921
1990-12-21,4.5612,4.60857,4.54796,4.54796,4.54796,174946.81297416
1990-12-24,4.60857,4.60857,4.54796,4.54796,4.54796,43736.193497697
1990-12-26,4.54796,4.58817,4.54796,4.54796,4.54796,229970.81846269
1990-12-27,4.54796,4.6219,4.54796,4.54796,4.54796,104407.16345671
1990-12-28,4.60857,4.62829,4.5612,4.62829,4.62829,252541.34498589
1990-12-31,4.54796,4.60857,4.54796,4.5612,4.5612,7054.8824942672
1991-01-02,4.5612,4.5612,4.46782,4.46782,4.46782,304744.4169684
1991-01-03,4.4276,4.45448,4.34697,4.34697,4.34697,441596.9034569
1991-01-04,4.30685,4.36708,4.2737,4.33363,4.33363,248312.49345609
1991-01-07,4.30685,4.34697,4.30685,4.30685,4.30685,190465.51547818
1991-01-08,4.34697,4.35355,4.2737,4.29322,4.29322,221499.86201111
1991-01-09,4.2737,4.34697,4.21975,4.23338,4.23338,421847.31043972
1991-01-10,4.26017,4.29322,4.21975,4.29322,4.29322,136852.4864885
1991-01-11,4.29322,4.29322,4.23338,4.24662,4.24662,249724.48944664
1991-01-14,4.23338,4.26017,4.21975,4.21975,4.21975,330141.99394777
1991-01-15,4.23338,4.24662,4.21975,4.21975,4.21975,21164.647482801
1991-01-16,4.21975,4.29322,4.21975,4.29322,4.29322,234200.68948418
1991-01-17,4.41406,4.41406,4.33363,4.40053,4.40053,172121.8015014
1991-01-18,4.33363,4.4276,4.33363,4.40053,4.40053,225734.83049106
1991-01-21,4.44103,4.54796,4.44103,4.48125,4.48125,159428.11047016
1991-01-22,4.53451,4.58817,4.48125,4.54796,4.54796,124154.71749051
1991-01-23,4.53451,4.58817,4.53451,4.5612,4.5612,39506.322476206
1991-01-24,4.58817,4.69537,4.58817,4.64182,4.64182,328728.97846553
1991-01-25,4.69537,4.69537,4.58817,4.6219,4.6219,211629.14346929
1991-01-28,4.60857,4.64182,4.58817,4.58817,4.58817,174946.81297416
1991-01-29,4.58817,4.65497,4.58817,4.65497,4.65497,105819.15944725
1991-01-30,4.66851,4.66851,4.6219,4.62829,4.62829,23984.561497128
1991-01-31,4.6219,4.76217,4.6219,4.69537,4.69537,159428.11047016
1991-02-01,4.69537,4.77561,4.69537,4.77561,4.77561,25395.537995982
1991-02-04,4.71538,4.94315,4.71538,4.94315,4.94315,421847.31043972
1991-02-05,4.98356,5.11775,4.94315,5.10402,5.10402,538946.12594427
1991-02-06,5.07704,5.15767,5.07704,5.09058,5.09058,248312.49345609
1991-02-07,5.09058,5.09058,4.83574,4.86261,4.86261,386572.89796839
1991-02-08,4.8893,4.90989,4.83574,4.8893,4.8893,382337.92948844
1991-02-11,4.83574,4.92952,4.83574,4.86261,4.86261,290638.72994663
1991-02-12,4.86261,4.89656,4.84928,4.89656,4.89656,71955.723474765
1991-02-13,4.89656,5.01014,4.86261,4.99691,4.99691,647584.17991415
1991-02-14,5.02358,5.0636,4.97002,5.02358,5.02358,205989.31544063
1991-02-15,5.0636,5.10402,5.01014,5.10402,5.10402,294871.6594432
1991-02-19,5.05036,5.10402,5.05036,5.05036,5.05036,358353.36799131
1991-02-20,5.02358,5.10402,5.01014,5.03025,5.03025,70544.746975912
1991-02-21,5.02358,5.09058,5.02358,5.0636,5.0636,38094.326485663
1991-02-22,5.03683,5.11775,5.03683,5.05036,5.05036,76189.672463016
1991-02-25,5.05036,5.18435,5.05036,5.15767,5.15767,313208.23697815
1991-02-26,5.09058,5.10402,5.09058,5.10402,5.10402,22573.584998275
1991-02-27,5.10402,5.21113,5.10402,5.18435,5.18435,186234.62496499
1991-02-28,5.18435,5.27145,5.15767,5.21113,5.21113,173536.855967
1991-03-01,5.15767,5.21113,5.15767,5.15767,5.15767,26803.456019766
1991-03-04,5.15767,5.27145,5.15767,5.18435,5.18435,158011.01702116
1991-03-05,5.21113,5.35179,5.21113,5.35179,5.35179,148138.25949595
1991-03-06,5.37866,5.37866,5.29136,5.29136,5.29136,451473.73894889
1991-03-07,5.29136,5.35179,5.27145,5.27145,5.27145,64897.782505429
1991-03-08,5.29136,5.41877,5.29136,5.40573,5.40573,93116.292990807
1991-03-11,5.31824,5.40573,5.30481,5.30481,5.30481,221499.86201111
1991-03-12,5.30481,5.31824,5.22427,5.22427,5.22427,173536.855967
1991-03-13,5.22427,5.27145,5.22427,5.25811,5.25811,73364.660990239
1991-03-14,5.27145,5.30481,5.15767,5.15767,5.15767,196109.42147359
1991-03-15,5.21113,5.21113,5.13717,5.14414,5.14414,128385.6080037
1991-03-18,5.19082,5.22427,5.15767,5.17101,5.17101,47963.006044117
1991-03-19,5.15767,5.16424,4.99013,4.99013,4.99013,389396.88994947
1991-03-20,5.08391,5.09725,5.04369,5.09725,5.09725,431722.10694832
1991-03-21,5.11775,5.15767,5.07037,5.14414,5.14414,63490.883973334
1991-03-22,5.07037,5.16424,5.07037,5.16424,5.16424,19748.573525498
1991-03-25,5.08391,5.16424,5.07037,5.16424,5.16424,25395.537995982
1991-03-26,5.16424,5.22427,5.14414,5.16424,5.16424,90293.32050141
1991-03-27,5.28499,5.3921,5.19769,5.3921,5.3921,321670.01800451
1991-03-28,5.37866,5.41877,5.31824,5.35846,5.35846,62074.810016031
1991-04-01,5.35846,5.41877,5.3453,5.39848,5.39848,200338.27300339
1991-04-02,5.42526,5.63281,5.3921,5.61956,5.61956,297692.59294921
1991-04-03,5.61956,5.61956,5.49891,5.55277,5.55277,376701.15993486
1991-04-04,5.53933,5.66665,5.47223,5.66665,5.66665,83237.418515453
1991-04-05,5.57954,5.63281,5.47223,5.47223,5.47223,338603.77497412
1991-04-08,5.48596,5.49891,5.43878,5.47223,5.47223,299100.51097299
1991-04-09,5.51245,5.51245,5.35846,5.3921,5.3921,170710.82500254
1991-04-10,5.41877,5.41877,5.33148,5.33148,5.33148,134034.61145756
1991-04-11,5.33148,5.3921,5.30481,5.3921,5.3921,1010173.5358771
1991-04-12,5.35846,5.43878,5.35846,5.43878,5.43878,28215.452010309
1991-04-15,5.3921,5.52579,5.3921,5.52579,5.52579,153788.2824415
1991-04-16,5.43878,5.52579,5.42526,5.52579,5.52579,45148.189488241
1991-04-17,5.52579,5.53933,5.43878,5.49224,5.49224,246894.38051541
1991-04-18,5.48596,5.5663,5.47223,5.49891,5.49891,84647.375522617
1991-04-19,5.47223,5.5663,5.47223,5.5663,5.5663,143903.29101601
1991-04-22,5.55277,5.63281,5.48596,5.52579,5.52579,273701.91450194
1991-04-23,5.60622,5.66665,5.57954,5.57954,5.57954,84647.375522617
1991-04-24,5.69332,5.80093,5.64664,5.77396,5.77396,671567.72191959
1991-04-25,5.71343,5.787,5.71343,5.77396,5.77396,100174.23396014
1991-04-26,5.71343,5.77396,5.71343,5.74022,5.74022,33862.416480793
1991-04-29,5.74022,5.77396,5.71343,5.71343,5.71343,9874.7965085942
1991-04-30,5.71343,5.787,5.71343,5.787,5.787,91700.219033504
1991-05-01,5.787,5.82771,5.71343,5.82771,5.82771,246894.38051541
1991-05-02,5.82771,5.90775,5.80093,5.83388,5.83388,150959.19300197
1991-05-03,5.90775,5.90775,5.81417,5.81417,5.81417,91700.219033504
1991-05-06,5.88088,5.90775,5.80093,5.81417,5.81417,174946.81297416
1991-05-07,5.81417,5.90775,5.81417,5.85439,5.85439,31044.541449845
1991-05-08,5.86763,5.93453,5.86763,5.90775,5.90775,136852.4864885
1991-05-09,5.97455,6.15551,5.9615,6.10854,6.10854,208806.17097988
1991-05-10,6.14207,6.34993,6.07528,6.21584,6.21584,474046.30445547
1991-05-13,6.20936,6.2896,6.07528,6.09529,6.09529,369646.2774406
1991-05-14,6.10854,6.15551,6.10854,6.14207,6.14207,172121.8015014
1991-05-15,6.14207,6.18229,6.14207,6.14207,6.14207,148138.25949595
1991-05-16,6.18229,6.18229,6.10854,6.10854,6.10854,15517.683012318
1991-05-17,6.10854,6.20936,6.0284,6.12884,6.12884,382337.92948844
1991-05-20,6.09529,6.15551,6.09529,6.15551,6.15551,7054.8824942672
1991-05-21,6.09529,6.20936,6.09529,6.15551,6.15551,86060.39100485
1991-05-22,6.22251,6.22251,6.16877,6.16877,6.16877,52202.052490817
1991-05-23,6.20936,6.20936,6.09529,6.15551,6.15551,90293.32050141
1991-05-24,6.16877,6.18229,6.09529,6.09529,6.09529,28215.452010309
1991-05-28,6.09529,6.15551,6.09529,6.10854,6.10854,29628.467492542
1991-05-29,6.18229,6.18229,6.10854,6.18229,6.18229,39506.322476206
1991-05-30,6.18229,6.18229,6.10854,6.10854,6.10854,55021.966505144
1991-05-31,6.10854,6.12216,6.0486,6.12216,6.12216,98759.179494531
1991-06-03,6.09529,6.12216,6.0486,6.0486,6.0486,15517.683012318
1991-06-04,6.0486,6.12216,6.0486,6.07528,6.07528,139672.40050283
1991-06-05,6.07528,6.07528,6.07528,6.07528,6.07528,33862.416480793
1991-06-06,6.12216,6.12216,6.07528,6.08186,6.08186,76189.672463016
1991-06-07,6.07528,6.12216,5.9615,6.01496,6.01496,543180.07493252
1991-06-10,5.97455,6.01496,5.97455,6.0079,6.0079,45148.189488241
1991-06-11,5.97455,6.00142,5.93453,5.97455,5.97455,393626.76097096
1991-06-12,5.90775,5.9615,5.90775,5.9615,5.9615,176357.78947302
1991-06-13,5.95454,6.01496,5.93453,6.01496,6.01496,210213.06951199
1991-06-14,6.01496,6.01496,5.95454,5.99495,5.99495,356948.50844261
1991-06-17,6.05498,6.10854,6.01496,6.10854,6.10854,86060.39100485
1991-06-18,6.0284,6.10854,6.0284,6.10854,6.10854,50791.075991964
1991-06-19,6.0284,6.10854,6.0284,6.04154,6.04154,46556.107512024
1991-06-20,6.10854,6.10854,6.05498,6.05498,6.05498,104407.16345671
1991-06-21,6.05498,6.12216,6.05498,6.05498,6.05498,31044.541449845
1991-06-24,6.12216,6.16228,6.05498,6.06822,6.06822,81827.46150829
1991-06-25,6.16228,6.22251,6.10854,6.16228,6.16228,372465.17196322
1991-06-26,6.16228,6.22251,6.16228,6.16877,6.16877,146726.26350541
1991-06-27,6.16228,6.22908,6.16228,6.22251,6.22251,67719.735503136
1991-06-28,6.22251,6.24252,6.16228,6.24252,6.24252,217274.06895639
1991-07-01,6.24252,6.27607,6.18229,6.20936,6.20936,83237.418515453
1991-07-02,6.24252,6.27607,6.16228,6.24252,6.24252,273701.91450194
1991-07-03,6.2896,6.30294,6.24252,6.29647,6.29647,81827.46150829
1991-07-05,6.2896,6.32952,6.24252,6.27607,6.27607,9874.7965085942
1991-07-08,6.24252,6.2896,6.22251,6.22251,6.22251,100174.23396014
1991-07-09,6.24252,6.36337,6.24252,6.27607,6.27607,222915.93596842
1991-07-10,6.2896,6.36337,6.27607,6.36337,6.36337,18341.674993405
1991-07-11,6.31619,6.36337,6.27607,6.30294,6.30294,231380.77546986
1991-07-12,6.22251,6.30294,6.20936,6.22251,6.22251,182000.67597674
1991-07-15,6.2896,6.2896,6.20936,6.22908,6.22908,29628.467492542
1991-07-16,6.2896,6.31619,6.22251,6.31619,6.31619,215865.13144092
1991-07-17,6.24252,6.31619,6.24252,6.31619,6.31619,327320.04095006
1991-07-18,6.2896,6.31619,6.26273,6.30294,6.30294,32444.30354011
1991-07-19,6.26273,6.31619,6.26273,6.26273,6.26273,210213.06951199
1991-07-22,6.31619,6.38318,6.26273,6.38318,6.38318,548819.90296118
1991-07-23,6.30294,6.32952,6.2896,6.31619,6.31619,119921.78799395
1991-07-24,6.24252,6.30294,6.24252,6.30294,6.30294,146726.26350541
1991-07-25,6.22908,6.30294,6.22251,6.22251,6.22251,126974.63150484
1991-07-26,6.20936,6.26273,6.08186,6.08186,6.08186,176357.78947302
1991-07-29,6.05498,6.10854,6.05498,6.10854,6.10854,479691.22994257
1991-07-30,6.10854,6.16228,6.05498,6.16228,6.16228,88884.382985937
1991-07-31,6.16228,6.24252,6.06822,6.24252,6.24252,873317.99091353
1991-08-01,6.27607,6.27607,6.19563,6.24252,6.24252,102992.10899109
1991-08-02,6.22251,6.30294,6.22251,6.24252,6.24252,86060.39100485
1991-08-05,6.22251,6.30294,6.22251,6.22251,6.22251,60667.911483938
1991-08-06,6.22251,6.32952,6.22251,6.30294,6.30294,86060.39100485
1991-08-07,6.4436,6.4436,6.32952,6.36337,6.36337,90293.32050141
1991-08-08,6.41015,6.41015,6.30294,6.30294,6.30294,76189.672463016
1991-08-09,6.30294,6.38318,6.30294,6.38318,6.38318,40912.20151661
1991-08-12,6.38318,6.38318,6.30294,6.30294,6.30294,50791.075991964
1991-08-13,6.30294,6.36964,6.30294,6.36964,6.36964,69128.673018609
1991-08-14,6.41015,6.41015,6.32952,6.41015,6.41015,81827.46150829
1991-08-15,6.41015,6.49716,6.32952,6.49716,6.49716,141085.41598506
1991-08-16,6.41015,6.57759,6.41015,6.57759,6.57759,163657.98149165
1991-08-19,6.32952,6.48372,6.32952,6.48372,6.48372,174946.81297416
1991-08-20,6.55072,6.55072,6.45675,6.49716,6.49716,172121.8015014
1991-08-21,6.63105,6.70462,6.59093,6.70462,6.70462,189055.55847102
1991-08-22,6.63105,6.7314,6.63105,6.7314,6.7314,644758.1489497
1991-08-23,6.7314,6.7314,6.63105,6.7314,6.7314,153788.2824415
1991-08-26,6.64449,6.75847,6.64449,6.75847,6.75847,52202.052490817
1991-08-27,6.7314,6.75847,6.65783,6.75847,6.75847,121333.7839845
1991-08-28,6.66479,6.75189,6.59093,6.66479,6.66479,165068.9579905
1991-08-29,6.59093,6.68471,6.45675,6.50423,6.50423,124154.71749051
1991-08-30,6.52374,6.52374,6.41015,6.41015,6.41015,52202.052490817
1991-09-03,6.47008,6.47008,6.38318,6.41015,6.41015,112873.02244983
1991-09-04,6.38318,6.45675,6.36337,6.36337,6.36337,128385.6080037
1991-09-05,6.36337,6.47008,6.36337,6.4436,6.4436,33862.416480793
1991-09-06,6.4436,6.4436,6.36337,6.36964,6.36964,39506.322476206
1991-09-09,6.36964,6.4436,6.36964,6.4235,6.4235,81827.46150829
1991-09-10,6.38318,6.4436,6.36964,6.36964,6.36964,50791.075991964
1991-09-11,6.39652,6.4436,6.32952,6.41015,6.41015,118515.90895355
1991-09-12,6.34276,6.38318,6.32952,6.36964,6.36964,35271.353996266
1991-09-13,6.41015,6.41015,6.36964,6.39652,6.39652,28215.452010309
1991-09-16,6.36337,6.4235,6.32952,6.3564,6.3564,91700.219033504
1991-09-17,6.4235,6.4235,6.32952,6.39004,6.39004,36680.29151174
1991-09-18,6.39004,6.39004,6.39004,6.39004,6.39004,16931.717986241
1991-09-19,6.39004,6.39004,6.32952,6.36337,6.36337,49377.041018041
1991-09-20,6.32952,6.39004,6.32952,6.34993,6.34993,52202.052490817
1991-09-23,6.36337,6.36337,6.2896,6.36337,6.36337,56433.962495688
1991-09-24,6.3564,6.36337,6.25596,6.36337,6.36337,112873.02244983
1991-09-25,6.36337,6.36337,6.30981,6.36337,6.36337,70544.746975912
1991-09-26,6.25596,6.36337,6.25596,6.36337,6.36337,69128.673018609
1991-09-27,6.25596,6.36337,6.25596,6.36337,6.36337,187641.52349708
1991-09-30,6.36337,6.4235,6.3564,6.36337,6.36337,105819.15944725
1991-10-01,6.39004,6.47706,6.39004,6.39004,6.39004,39506.322476206
1991-10-02,6.39004,6.54395,6.39004,6.47706,6.47706,177766.7269885
1991-10-03,6.47706,6.53061,6.45037,6.53061,6.53061,12697.768997992
1991-10-04,6.53061,6.53061,6.43674,6.50423,6.50423,88884.382985937
1991-10-07,6.49716,6.49716,6.43674,6.45037,6.45037,46556.107512024
1991-10-08,6.49716,6.49716,6.47706,6.49716,6.49716,36680.29151174
1991-10-09,6.4235,6.46361,6.4235,6.4235,6.4235,138266.52146243
1991-10-10,6.47706,6.47706,6.47706,6.47706,6.47706,2818.8945226371
1991-10-11,6.41015,6.47706,6.41015,6.41015,6.41015,95939.265480205
1991-10-14,6.377,6.39004,6.3564,6.39004,6.39004,435949.93898643
1991-10-15,6.38318,6.45037,6.36337,6.4235,6.4235,352715.57894604
1991-10-16,6.45037,6.45037,6.36337,6.41015,6.41015,110050.04996043
1991-10-17,6.45037,6.46361,6.41015,6.41015,6.41015,111457.96798421
1991-10-18,6.43674,6.50423,6.4235,6.46361,6.46361,558702.85540329
1991-10-21,6.43674,6.50423,6.43674,6.46361,6.46361,5643.9059954137
1991-10-22,6.50423,6.53061,6.29647,6.377,6.377,263826.09850165
1991-10-23,6.29647,6.377,6.12884,6.14207,6.14207,1711366.6668142
1991-10-24,6.12884,6.17562,6.12884,6.12884,6.12884,76189.672463016
1991-10-25,6.16228,6.17562,6.16228,6.17562,6.17562,33862.416480793
1991-10-28,6.17562,6.17562,6.12884,6.12884,6.12884,609489.85342849
1991-10-29,6.16228,6.17562,6.12884,6.17562,6.17562,102992.10899109
1991-10-30,6.17562,6.17562,6.06194,6.06194,6.06194,129802.70145268
1991-10-31,6.10205,6.10205,6.03507,6.10205,6.10205,325908.04495951
1991-11-01,6.06194,6.14207,6.03507,6.09529,6.09529,616542.69693938
1991-11-04,6.09529,6.09529,6.03507,6.09529,6.09529,39506.322476206
1991-11-05,6.09529,6.09529,6.03507,6.03507,6.03507,69128.673018609
1991-11-06,6.03507,6.09529,6.03507,6.03507,6.03507,98759.179494531
1991-11-07,6.0486,6.0486,5.95454,5.9615,5.9615,490975.98345833
1991-11-08,6.06194,6.1155,6.03507,6.09529,6.09529,128385.6080037
1991-11-11,6.2024,6.24252,6.2024,6.24252,6.24252,43736.193497697
1991-11-12,6.28303,6.28303,6.16877,6.18897,6.18897,88884.382985937
1991-11-13,6.2024,6.2024,6.14207,6.2024,6.2024,31044.541449845
1991-11-14,6.22908,6.22908,6.14207,6.2024,6.2024,91700.219033504
1991-11-15,6.2024,6.22908,6.17562,6.21584,6.21584,16931.717986241
1991-11-18,6.09529,6.22908,6.03507,6.22908,6.22908,320266.17794747
1991-11-19,6.22908,6.22908,6.09529,6.12884,6.12884,347067.59498386
1991-11-20,6.2024,6.21584,6.14207,6.14207,6.14207,311797.26047929
1991-11-21,6.16228,6.22908,6.16228,6.17562,6.17562,23984.561497128
1991-11-22,6.14207,6.22908,6.14207,6.17562,6.17562,12697.768997992
1991-11-25,6.12884,6.22908,6.12884,6.12884,6.12884,114275.84301516
1991-11-26,6.12884,6.22908,6.12884,6.22908,6.22908,81827.46150829
1991-11-27,6.2024,6.2024,6.12884,6.12884,6.12884,273701.91450194
1991-11-29,6.12884,6.2024,6.1155,6.1155,6.1155,95939.265480205
1991-12-02,6.09529,6.16228,6.09529,6.1155,6.1155,74774.617997403
1991-12-03,6.09529,6.17562,6.09529,6.16228,6.16228,160837.04798563
1991-12-04,6.16228,6.17562,6.09529,6.09529,6.09529,22573.584998275
1991-12-05,6.14207,6.17562,6.09529,6.14207,6.14207,42324.197507154
1991-12-06,6.09529,6.17562,6.09529,6.12884,6.12884,201752.30797731
1991-12-09,6.17562,6.17562,6.10205,6.17562,6.17562,100174.23396014
1991-12-10,6.1155,6.17562,6.10205,6.10205,6.10205,40912.20151661
1991-12-11,6.10205,6.17562,6.10205,6.16877,6.16877,102992.10899109
1991-12-12,6.17562,6.17562,6.1155,6.17562,6.17562,47963.006044117
1991-12-13,6.1155,6.17562,6.1155,6.14207,6.14207,371053.17597268
1991-12-16,6.21584,6.21584,6.14207,6.18229,6.18229,83237.418515453
1991-12-17,6.23556,6.23556,6.07528,6.15551,6.15551,579864.44441102
1991-12-18,6.15551,6.15551,6.07528,6.07528,6.07528,139672.40050283
1991-12-19,6.09529,6.15551,6.07528,6.12884,6.12884,43736.193497697
1991-12-20,6.15551,6.15551,6.09529,6.10854,6.10854,122743.74099166
1991-12-23,6.15551,6.15551,6.07528,6.15551,6.15551,292050.72593717
1991-12-24,6.15551,6.15551,6.07528,6.07528,6.07528,42324.197507154
1991-12-26,6.09529,6.15551,6.07528,6.15551,6.15551,126974.63150484
1991-12-27,6.07528,6.09529,6.0284,6.06194,6.06194,232790.73247701
1991-12-30,6.0284,6.06194,5.94757,5.9615,5.9615,411969.45545606
1991-12-31,5.9615,5.98809,5.93453,5.98809,5.98809,352715.57894604
1992-01-02,5.98809,6.0284,5.9615,5.97455,5.97455,297692.59294921
1992-01-03,6.07528,6.07528,6.01496,6.07528,6.07528,56433.962495688
1992-01-06,6.12884,6.15551,6.07528,6.15551,6.15551,263826.09850165
1992-01-07,6.18229,6.40339,6.18229,6.40339,6.40339,448650.76645948
1992-01-08,6.29647,6.60398,6.29647,6.60398,6.60398,416204.42393599
1992-01-09,6.65783,6.75847,6.60398,6.65783,6.65783,197517.33949737
1992-01-10,6.65783,6.71149,6.65783,6.71149,6.71149,32444.30354011
1992-01-13,6.65783,6.71149,6.65783,6.71149,6.71149,221499.86201111
1992-01-14,6.65783,6.76485,6.65783,6.75847,6.75847,222915.93596842
1992-01-15,6.74474,6.79182,6.63792,6.63792,6.63792,207393.15549766
1992-01-16,6.7314,6.7314,6.63105,6.63105,6.63105,352715.57894604
1992-01-17,6.61751,6.63792,6.54395,6.63105,6.63105,62074.810016031
1992-01-20,6.63105,6.63105,6.54395,6.63105,6.63105,31044.541449845
1992-01-21,6.51736,6.63105,6.47706,6.57092,6.57092,104407.16345671
1992-01-22,6.47706,6.63105,6.47706,6.63105,6.63105,335782.84146811
1992-01-23,6.63105,6.68471,6.57092,6.60398,6.60398,595380.08843996
1992-01-24,6.68471,6.68471,6.57092,6.68471,6.68471,465583.50393742
1992-01-27,6.71149,6.71149,6.63105,6.65783,6.65783,88884.382985937
1992-01-28,6.63105,6.63105,6.57092,6.63105,6.63105,117102.89347132
1992-01-29,6.57092,6.63105,6.57092,6.57092,6.57092,45148.189488241
1992-01-30,6.63105,6.68471,6.57092,6.68471,6.68471,345656.61848501
1992-01-31,6.65783,6.74474,6.63792,6.71149,6.71149,625007.53644081
1992-02-03,6.76485,6.76485,6.76485,6.76485,6.76485,5643.9059954137
1992-02-04,6.76485,6.76485,6.68471,6.76485,6.76485,165068.9579905
1992-02-05,6.76485,6.82535,6.74474,6.74474,6.74474,150959.19300197
1992-02-06,6.74474,6.82535,6.74474,6.76485,6.76485,114275.84301516
1992-02-07,6.85224,6.85224,6.79182,6.82535,6.82535,244077.52497615
1992-02-10,6.85224,6.85224,6.71149,6.71149,6.71149,246894.38051541
1992-02-11,6.76485,6.76485,6.57092,6.57092,6.57092,203164.30396785
1992-02-12,6.57092,6.57092,6.50423,6.54395,6.54395,911411.29790751
1992-02-13,6.54395,6.61751,6.53061,6.61751,6.61751,91700.219033504
1992-02-14,6.57092,6.61751,6.49029,6.51736,6.51736,314622.27195206
1992-02-18,6.46361,6.54395,6.23556,6.23556,6.23556,387981.83548386
1992-02-19,6.23556,6.3564,6.23556,6.32305,6.32305,263826.09850165
1992-02-20,6.3564,6.40339,6.32305,6.377,6.377,81827.46150829
1992-02-21,6.36337,6.39004,6.29647,6.39004,6.39004,200338.27300339
1992-02-24,6.39004,6.39004,6.29647,6.39004,6.39004,138266.52146243
1992-02-25,6.3564,6.49029,6.32305,6.49029,6.49029,207393.15549766
1992-02-26,6.51736,6.71149,6.47706,6.65783,6.65783,328728.97846553
1992-02-27,6.71149,6.74474,6.63105,6.67794,6.67794,268061.06698159
1992-02-28,6.63105,6.71149,6.59093,6.59093,6.59093,112873.02244983
1992-03-02,6.59093,6.68471,6.59093,6.68471,6.68471,45148.189488241
1992-03-03,6.68471,6.68471,6.60398,6.60398,6.60398,187641.52349708
1992-03-04,6.63105,6.68471,6.57092,6.57092,6.57092,94531.34745642
1992-03-05,6.63105,6.63105,6.46361,6.47706,6.47706,379522.09344087
1992-03-06,6.54395,6.54395,6.43674,6.43674,6.43674,218679.94799679
1992-03-09,6.40339,6.40339,6.29647,6.29647,6.29647,146726.26350541
1992-03-10,6.29647,6.40339,6.29647,6.40339,6.40339,108636.0149865
1992-03-11,6.40339,6.40339,6.32305,6.32305,6.32305,327320.04095006
1992-03-12,6.32305,6.43674,6.32305,6.32952,6.32952,253954.36046813
1992-03-13,6.43674,6.43674,6.32305,6.32305,6.32305,42324.197507154
1992-03-16,6.47706,6.47706,6.36337,6.47706,6.47706,56433.962495688
1992-03-17,6.36337,6.47706,6.36337,6.36337,6.36337,269475.10195552
1992-03-18,6.36337,6.47706,6.36337,6.36337,6.36337,136852.4864885
1992-03-19,6.47706,6.47706,6.36337,6.47706,6.47706,69128.673018609
1992-03-20,6.47706,6.53061,6.45037,6.51736,6.51736,45148.189488241
1992-03-23,6.53061,6.53061,6.45037,6.47706,6.47706,88884.382985937
1992-03-24,6.47706,6.56416,6.47706,6.56416,6.56416,39506.322476206
1992-03-25,6.59093,6.7314,6.56416,6.64449,6.64449,197517.33949737
1992-03-26,6.75847,6.75847,6.67107,6.75847,6.75847,49377.041018041
1992-03-27,6.75847,6.75847,6.67107,6.75847,6.75847,128385.6080037
1992-03-30,6.67107,6.75847,6.67107,6.75847,6.75847,21164.647482801
1992-03-31,6.7314,6.79878,6.68471,6.74474,6.74474,263826.09850165
1992-04-01,6.81202,6.81202,6.7314,6.75847,6.75847,60667.911483938
1992-04-02,6.79878,6.87225,6.7314,6.81202,6.81202,208806.17097988
1992-04-03,6.81202,6.81202,6.7314,6.75847,6.75847,53613.028989671
1992-04-06,6.81202,6.96631,6.81202,6.96631,6.96631,258184.23148962
1992-04-07,7.01281,7.01281,6.9256,7.01281,7.01281,60667.911483938
1992-04-08,6.9256,6.95268,6.84556,6.9256,6.9256,102992.10899109
1992-04-09,6.9256,7.01281,6.9256,6.95268,6.95268,156604.11848907
1992-04-10,6.95268,7.02624,6.95268,7.01281,7.01281,53613.028989671
1992-04-13,7.02624,7.09343,7.02624,7.0797,7.0797,49377.041018041
1992-04-14,7.06656,7.29442,7.06656,7.29442,7.29442,114275.84301516
1992-04-15,7.29442,7.4751,7.29442,7.4751,7.4751,204575.28046671
1992-04-16,7.48912,7.48912,7.15356,7.36151,7.36151,643351.25041759
1992-04-20,7.37466,7.37466,7.26755,7.3008,7.3008,80420.562976196
1992-04-21,7.34778,7.34778,7.22075,7.234,7.234,128385.6080037
1992-04-22,7.167,7.29442,7.167,7.29442,7.29442,430311.13044946
1992-04-23,7.29442,7.29442,7.234,7.29442,7.29442,323082.01399505
1992-04-24,7.22075,7.33464,7.22075,7.25401,7.25401,155196.20046528
1992-04-27,7.31433,7.33464,7.234,7.33464,7.33464,57845.958486231
1992-04-28,7.33464,7.37466,7.29442,7.29442,7.29442,50791.075991964
1992-04-29,7.51492,7.51492,7.26755,7.26755,7.26755,211629.14346929
1992-04-30,7.15356,7.20712,6.89902,6.99967,6.99967,340016.79045636
1992-05-01,6.99967,7.12689,6.9256,6.9256,6.9256,341424.70848015
1992-05-04,7.03311,7.12689,6.9256,7.12689,7.12689,126974.63150484
1992-05-05,7.09343,7.17357,7.06656,7.12689,7.12689,105819.15944725
1992-05-06,7.17357,7.20712,7.12689,7.18045,7.18045,205989.31544063
1992-05-07,7.20712,7.20712,7.15356,7.19398,7.19398,266651.10997443
1992-05-08,7.19398,7.234,7.15356,7.234,7.234,67719.735503136
1992-05-11,7.234,7.26755,7.17357,7.26755,7.26755,328728.97846553
1992-05-12,7.26755,7.29442,7.234,7.28079,7.28079,530484.34491792
1992-05-13,7.31433,7.31433,7.234,7.234,7.234,79007.547493962
1992-05-14,7.29442,7.29442,7.234,7.234,7.234,145317.32598992
1992-05-15,7.20712,7.20712,7.09343,7.12689,7.12689,100174.23396014
1992-05-18,7.36151,7.36151,7.234,7.34052,7.34052,81827.46150829
1992-05-19,7.36151,7.44165,7.28079,7.40831,7.40831,201287.4197667
1992-05-20,7.40831,7.56946,7.34052,7.44165,7.44165,295337.56714547
1992-05-21,7.44165,7.44165,7.36151,7.40831,7.40831,109578.025308
1992-05-22,7.40831,7.40831,7.36151,7.36151,7.36151,79007.547493962
1992-05-26,7.31433,7.40831,7.31433,7.40831,7.40831,60194.867339813
1992-05-27,7.31433,7.40831,7.31433,7.31433,7.31433,61607.882822047
1992-05-28,7.44165,7.44165,7.36151,7.40831,7.40831,39975.28865357
1992-05-29,7.44165,7.52836,7.36151,7.48912,7.48912,200338.27300339
1992-06-01,7.52836,7.52836,7.40831,7.48912,7.48912,111926.93416158
1992-06-02,7.48912,7.52836,7.40831,7.52836,7.52836,68189.72117219
1992-06-03,7.52836,7.52836,7.40831,7.48912,7.48912,96878.217326624
1992-06-04,7.48912,7.56946,7.40831,7.46185,7.46185,102521.10383035
1992-06-05,7.56946,7.65627,7.44165,7.56946,7.56946,294399.63479075
1992-06-08,7.52836,7.60938,7.44165,7.60938,7.60938,375285.08597756
1992-06-09,7.60938,7.60938,7.40831,7.48912,7.48912,169303.92647044
1992-06-10,7.52836,7.52836,7.40831,7.48912,7.48912,41850.133871339
1992-06-11,7.48912,7.52836,7.40831,7.48912,7.48912,165539.96315125
1992-06-12,7.56946,7.60938,7.48912,7.52836,7.52836,88411.338841812
1992-06-15,7.53483,7.61497,7.53483,7.55534,7.55534,71955.723474765
1992-06-16,7.61497,7.61497,7.48912,7.61497,7.61497,71481.65983895
1992-06-17,7.61497,7.61497,7.48912,7.53483,7.53483,46556.107512024
1992-06-18,7.53483,7.53483,7.234,7.25401,7.25401,220089.90500396
1992-06-19,7.234,7.31433,7.234,7.28079,7.28079,87940.333681069
1992-06-22,7.19398,7.28079,7.15356,7.15356,7.15356,201287.4197667
1992-06-23,7.15356,7.31433,7.15356,7.21389,7.21389,200811.31714751
1992-06-24,7.31433,7.36151,7.234,7.28079,7.28079,335782.84146811
1992-06-25,7.36151,7.40831,7.234,7.28079,7.28079,73364.660990239
1992-06-26,7.28079,7.40831,7.28079,7.34052,7.34052,42324.197507154
1992-06-29,7.40831,7.40831,7.28079,7.40831,7.40831,9874.7965085942
1992-06-30,7.44165,7.48912,7.28079,7.40831,7.40831,401153.66811765
1992-07-01,7.48912,7.53483,7.40831,7.44165,7.44165,816878.9309594
1992-07-02,7.44165,7.56946,7.44165,7.44165,7.44165,109108.03963893
1992-07-06,7.56946,7.56946,7.44165,7.44165,7.44165,92646.307321754
1992-07-07,7.56946,7.56946,7.44165,7.48912,7.48912,213981.11079794
1992-07-08,7.56946,7.78241,7.44165,7.70246,7.70246,197048.37332001
1992-07-09,7.78241,8.03734,7.78241,7.99731,7.99731,449120.75212854
1992-07-10,8.03734,8.29119,7.99731,8.16495,8.16495,292050.72593717
1992-07-13,8.21203,8.2445,8.03734,8.16495,8.16495,303333.44046955
1992-07-14,8.16495,8.16495,7.95681,7.99731,7.99731,582680.28045859
1992-07-15,8.03734,8.03734,7.91081,7.91081,7.91081,91700.219033504
1992-07-16,7.95681,8.0852,7.82988,8.03734,8.03734,281701.86579277
1992-07-17,8.0852,8.2445,8.03734,8.16495,8.16495,208335.16581914
1992-07-20,8.16495,8.16495,8.03734,8.16495,8.16495,41850.133871339
1992-07-21,8.16495,8.21203,8.03734,8.03734,8.03734,275112.8910008
1992-07-22,7.91081,8.11708,7.91081,7.99731,7.99731,78067.576155855
1992-07-23,8.03734,8.0852,7.95681,8.0852,8.0852,96411.290132638
1992-07-24,8.0852,8.0852,7.99731,8.03734,8.03734,17397.625688536
1992-07-27,8.03734,8.03734,7.95681,8.01782,8.01782,131210.61947647
1992-07-28,8.0852,8.11708,7.95681,8.11708,8.11708,64897.782505429
1992-07-29,8.16495,8.16495,8.03734,8.11708,8.11708,124154.71749051
1992-07-30,8.03734,8.16495,8.03734,8.03734,8.03734,84179.428836942
1992-07-31,8.11708,8.11708,7.91081,7.99731,7.99731,94531.34745642
1992-08-03,7.99731,7.99731,7.91081,7.99731,7.99731,150959.19300197
1992-08-04,7.97034,7.99731,7.91081,7.91081,7.91081,92176.321652698
1992-08-05,7.91081,7.99731,7.70246,7.86892,7.86892,127445.63666558
1992-08-06,7.86892,7.86892,7.74268,7.74268,7.74268,253012.35014664
1992-08-07,7.74268,7.91081,7.74268,7.86892,7.86892,171182.84965497
1992-08-10,7.78241,8.03734,7.78241,7.91081,7.91081,221974.94513863
1992-08-11,8.03734,8.11708,7.95681,8.0852,8.0852,97350.241979058
1992-08-12,8.16495,8.21203,8.0852,8.21203,8.21203,55021.966505144
1992-08-13,8.16495,8.21203,8.0852,8.16495,8.16495,432190.05363399
1992-08-14,8.16495,8.21203,8.11708,8.18525,8.18525,259594.18849678
1992-08-17,8.21203,8.2445,8.16495,8.23146,8.23146,106753.01383522
1992-08-18,8.2445,8.58683,8.16495,8.50532,8.50532,343774.63682542
1992-08-19,8.58683,8.58683,8.50532,8.50532,8.50532,350834.61677813
1992-08-20,8.54759,8.58683,8.4188,8.54759,8.54759,194699.46446643
1992-08-21,8.54759,8.54759,8.29119,8.34004,8.34004,120396.87112145
1992-08-24,8.37359,8.37359,8.21203,8.21203,8.21203,74308.710295107
1992-08-25,8.16495,8.29119,8.11708,8.29119,8.29119,120862.77882375
1992-08-26,8.34004,8.46138,8.2445,8.46138,8.46138,427489.17745176
1992-08-27,8.50532,8.50532,8.34004,8.46138,8.46138,38094.326485663
1992-08-28,8.34004,8.46138,8.34004,8.34004,8.34004,146726.26350541
1992-08-31,8.37359,8.37359,8.0852,8.2445,8.2445,299100.51097299
1992-09-01,8.34004,8.37359,8.16495,8.2445,8.2445,386102.91229933
1992-09-02,8.2445,8.2445,8.16495,8.2445,8.2445,45148.189488241
1992-09-03,8.2445,8.34004,8.21203,8.29119,8.29119,103930.04134581
1992-09-04,8.34004,8.37359,8.2445,8.34004,8.34004,126974.63150484
1992-09-08,8.34004,8.34004,8.29119,8.34004,8.34004,177297.76081113
1992-09-09,8.29119,8.37359,8.29119,8.37359,8.37359,87940.333681069
1992-09-10,8.29119,8.37359,8.29119,8.29119,8.29119,64897.782505429
1992-09-11,8.37359,8.37359,8.29119,8.31296,8.31296,19281.646331514
1992-09-14,8.4188,8.4188,8.34004,8.34004,8.34004,39975.28865357
1992-09-15,8.4188,8.4188,8.21203,8.34004,8.34004,71013.713153277
1992-09-16,8.16495,8.29119,8.0852,8.25234,8.25234,228089.85629478
1992-09-17,8.16495,8.36103,8.16495,8.34004,8.34004,152842.19415326
1992-09-18,8.37947,8.37947,8.29119,8.31894,8.31894,185292.61464351
1992-09-21,8.37947,8.37947,8.29119,8.37947,8.37947,79007.547493962
1992-09-22,8.37947,8.37947,8.29119,8.34004,8.34004,30569.458322342
1992-09-23,8.37947,8.37947,8.29119,8.34004,8.34004,38094.326485663
1992-09-24,8.25234,8.46697,8.25234,8.46697,8.46697,464170.48845518
1992-09-25,8.50532,8.59291,8.4188,8.54759,8.54759,307097.40378875
1992-09-28,8.4188,8.54759,8.4188,8.4188,8.4188,49853.143637235
1992-09-29,8.54759,8.64009,8.4188,8.64009,8.64009,76656.599657
1992-09-30,8.54759,8.97438,8.54759,8.97438,8.97438,611372.85457979
1992-10-01,9.02253,9.48511,8.89404,9.35957,9.35957,1048733.770065
1992-10-02,9.48511,9.48511,9.2294,9.27492,9.27492,811239.10293074
1992-10-05,9.18183,9.35957,9.02253,9.2294,9.2294,301450.43931827
1992-10-06,9.4449,9.4449,9.31003,9.4449,9.4449,68189.72117219
1992-10-07,9.48511,9.74015,9.35957,9.69797,9.69797,862506.2815419
1992-10-08,9.69797,10.0786,9.69797,9.82549,9.82549,1551939.5758357
1992-10-09,9.91085,9.91085,9.74015,9.78527,9.78527,439249.01409501
1992-10-12,9.86763,9.91085,9.74015,9.82549,9.82549,237962.61381999
1992-10-13,9.82549,9.82549,9.6146,9.65873,9.65873,62074.810016031
1992-10-14,9.74015,9.78527,9.6146,9.6146,9.6146,284989.72649277
1992-10-15,9.56947,9.63421,9.53024,9.56947,9.56947,197517.33949737
1992-10-16,9.65873,9.65873,9.56947,9.65873,9.65873,135913.53464208
1992-10-19,9.69797,9.69797,9.53024,9.6146,9.6146,251133.4269621
1992-10-20,9.6146,9.65873,9.35957,9.35957,9.35957,243605.50032372
1992-10-21,9.4449,9.48511,9.31003,9.4449,9.4449,475927.26662337
1992-10-22,9.4449,9.4449,9.31003,9.40174,9.40174,201752.30797731
1992-10-23,9.4449,9.4449,9.31003,9.31003,9.31003,293927.61013832
1992-10-26,9.31003,9.40174,9.27492,9.40174,9.40174,134034.61145756
1992-10-27,9.40174,9.53024,9.35957,9.48511,9.48511,458998.6071122
1992-10-28,9.53024,9.56947,9.40174,9.56947,9.56947,244077.52497615
1992-10-29,9.53024,9.6146,9.4449,9.4449,9.4449,90763.306170464
1992-10-30,9.6146,9.6146,9.4449,9.4449,9.4449,37628.418783368
1992-11-02,9.4449,9.56947,9.4449,9.46649,9.46649,182000.67597674
1992-11-03,9.56947,9.56947,9.40174,9.53024,9.53024,216329.00015983
1992-11-04,9.53024,9.53024,9.40174,9.53024,9.53024,166952.97863348
1992-11-05,9.40174,9.56947,9.40174,9.56947,9.56947,202224.33262974
1992-11-06,9.56947,9.56947,9.4449,9.46649,9.46649,202224.33262974
1992-11-09,9.4449,9.65873,9.4449,9.65873,9.65873,289692.64165837
1992-11-10,9.65873,9.74015,9.56947,9.74015,9.74015,1724532.3824978
1992-11-11,9.74015,9.78527,9.6146,9.78527,9.78527,345188.67179934
1992-11-12,9.86763,9.99328,9.82549,9.99328,9.99328,84179.428836942
1992-11-13,9.99328,10.2071,9.99328,10.2071,10.2071,187171.53782804
1992-11-16,10.2071,10.3826,10.2071,10.2483,10.2483,224792.82016957
1992-11-17,10.3826,10.4631,10.2483,10.4631,10.4631,812182.13274391
1992-11-18,10.4209,10.4209,10.2944,10.3826,10.3826,139672.40050283
1992-11-19,10.2071,10.2944,10.0786,10.0786,10.0786,146261.3752948
1992-11-20,10.2071,10.2071,10.0403,10.1659,10.1659,154254.1901438
1992-11-23,10.1659,10.2944,10.0786,10.2944,10.2944,110515.95766272
1992-11-24,10.2944,10.3826,10.2071,10.2071,10.2071,189055.55847102
1992-11-25,10.2944,10.4209,10.2071,10.3963,10.3963,144847.34032088
1992-11-27,10.4209,10.4631,10.3327,10.4424,10.4424,101108.08834811
1992-11-30,10.4631,10.5092,10.3826,10.4424,10.4424,66780.783656716
1992-12-01,10.4631,10.6739,10.3826,10.4209,10.4209,237962.61381999
1992-12-02,10.5092,10.5092,10.4209,10.4209,10.4209,152368.13051744
1992-12-03,10.5092,10.5092,10.4209,10.5092,10.5092,87004.440309719
1992-12-04,10.5092,10.5092,10.4209,10.5092,10.5092,57845.958486231
1992-12-07,10.5092,10.5092,10.4209,10.4631,10.4631,81827.46150829
1992-12-08,10.4209,10.4631,10.2483,10.3826,10.3826,268061.06698159
1992-12-09,10.2944,10.2944,10.1659,10.1659,10.1659,79007.547493962
1992-12-10,10.2483,10.2483,10.1217,10.2483,10.2483,69601.717162733
1992-12-11,10.2483,10.2483,10.1217,10.1217,10.1217,44206.179166751
1992-12-14,10.2944,10.2944,10.1659,10.2483,10.2483,81360.534314306
1992-12-15,10.2483,10.3404,10.2149,10.2944,10.2944,41850.133871339
1992-12-16,10.3404,10.4209,10.2149,10.3404,10.3404,89827.412799115
1992-12-17,10.2149,10.3404,10.1659,10.1659,10.1659,122743.74099166
1992-12-18,10.2483,10.2483,9.99328,10.0403,10.0403,185764.63929593
1992-12-21,9.99328,10.0786,9.99328,10.0786,10.0786,268533.09163402
1992-12-22,10.0786,10.2944,10.0403,10.2944,10.2944,231849.74164721
1992-12-23,10.2944,10.3826,10.2483,10.2483,10.2483,266179.085322
1992-12-24,10.3826,10.3826,10.2149,10.3404,10.3404,23984.561497128
1992-12-28,10.3404,10.3404,10.1864,10.2483,10.2483,180588.6799862
1992-12-29,10.2149,10.2483,10.2149,10.2149,10.2149,23984.561497128
1992-12-30,10.2483,10.2944,10.2149,10.2944,10.2944,158957.10530941
1992-12-31,10.2149,10.4699,10.2149,10.4699,10.4699,166484.01245612
1993-01-04,10.3826,10.4699,10.3404,10.4209,10.4209,232315.64934951
1993-01-05,10.3404,10.4209,10.2149,10.2944,10.2944,150016.16318878
1993-01-06,10.2149,10.3404,10.2149,10.2944,10.2944,136377.40336099
1993-01-07,10.2944,10.2944,10.2149,10.2944,10.2944,323082.01399505
1993-01-08,10.2944,10.2944,10.1659,10.2365,10.2365,164599.99181314
1993-01-11,10.2483,10.2483,10.1217,10.2483,10.2483,155664.14715096
1993-01-12,10.2483,10.2483,10.1217,10.1217,10.1217,59251.837526635
1993-01-13,10.2483,10.2483,10.0786,10.1659,10.1659,224329.97094234
1993-01-14,10.1659,10.1659,10.0403,10.1089,10.1089,104872.05166731
1993-01-15,10.0403,10.1217,10.0403,10.058,10.058,64430.855311444
1993-01-18,10.1217,10.1659,10.0403,10.1659,10.1659,43736.193497697
1993-01-19,10.1659,10.1659,10.0403,10.1659,10.1659,173063.81182288
1993-01-20,10.1659,10.1659,10.0403,10.1659,10.1659,69128.673018609
1993-01-21,10.0403,10.1659,10.0403,10.0786,10.0786,267591.08131254
1993-01-22,10.0786,10.1217,10.0403,10.1217,10.1217,94060.342295676
1993-01-25,10.0786,10.1217,10.0403,10.1089,10.1089,256776.31346584
1993-01-26,10.0403,10.1217,10.0403,10.1217,10.1217,134501.53865154
1993-01-27,10.0403,10.1217,9.99328,10.0786,10.0786,156136.17180339
1993-01-28,9.99328,10.0786,9.99328,10.0786,10.0786,23046.6291424
1993-01-29,9.99328,10.1217,9.99328,10.0403,10.0403,106753.01383522
1993-02-01,9.99328,10.1217,9.99328,10.0403,10.0403,71013.713153277
1993-02-02,10.1217,10.3826,9.99328,10.3631,10.3631,312742.32927585
1993-02-03,10.4209,10.8496,10.4209,10.771,10.771,177297.76081113
1993-02-04,10.8496,10.93,10.724,10.93,10.93,326374.97215351
1993-02-05,10.93,10.93,10.5964,10.6445,10.6445,166484.01245612
1993-02-08,10.724,10.724,10.4209,10.4209,10.4209,91234.31133121
1993-02-09,10.5475,10.771,10.4209,10.6445,10.6445,240787.62529277
1993-02-10,10.5964,10.8044,10.5964,10.6739,10.6739,229027.78864951
1993-02-11,10.771,10.771,10.6739,10.724,10.724,37148.238197414
1993-02-12,10.724,10.8976,10.6739,10.771,10.771,133558.50883837
1993-02-16,10.8976,10.8976,10.6445,10.6445,10.6445,238905.64363317
1993-02-17,10.6445,10.724,10.5475,10.5475,10.5475,311797.26047929
1993-02-18,10.6739,10.6739,10.5092,10.5964,10.5964,339073.76064318
1993-02-19,10.5475,10.6445,10.5475,10.5964,10.5964,157549.18728563
1993-02-22,10.5092,10.6445,10.5092,10.6445,10.6445,187171.53782804
1993-02-23,10.6739,10.6739,10.5092,10.5964,10.5964,213038.08098476
1993-02-24,10.5964,10.5964,10.5092,10.5092,10.5092,136852.4864885
1993-02-25,10.5964,10.5964,10.5092,10.5288,10.5288,88884.382985937
1993-02-26,10.5092,10.5779,10.3826,10.5092,10.5092,112873.02244983
1993-03-01,10.3826,10.5475,10.3826,10.5092,10.5092,263363.24927442
1993-03-02,10.4699,10.5475,10.3826,10.5092,10.5092,341895.71364089
1993-03-03,10.5475,10.6445,10.4699,10.618,10.618,104872.05166731
1993-03-04,10.6445,10.6445,10.5092,10.6445,10.6445,146726.26350541
1993-03-05,10.6445,10.8496,10.5092,10.8044,10.8044,197517.33949737
1993-03-08,10.8976,11.1055,10.8496,11.0634,11.0634,187171.53782804
1993-03-09,11.1055,11.1909,11.0634,11.1909,11.1909,561987.65762822
1993-03-10,11.2311,11.2311,11.0634,11.0634,11.0634,153313.199314
1993-03-11,11.2311,11.4076,11.0634,11.2802,11.2802,197048.37332001
1993-03-12,11.3596,11.3596,10.8976,11.0232,11.0232,171182.84965497
1993-03-15,11.0634,11.0634,10.8976,10.9368,10.9368,137322.47215756
1993-03-16,10.8976,11.031,10.8976,10.9848,10.9848,57376.992308866
1993-03-17,10.8573,11.031,10.771,10.771,10.771,110515.95766272
1993-03-18,10.7309,10.8976,10.7309,10.8976,10.8976,99703.228799399
1993-03-19,10.7309,10.8976,10.6445,10.8112,10.8112,133558.50883837
1993-03-22,10.6445,10.8112,10.6445,10.771,10.771,64897.782505429
1993-03-23,10.6445,10.8112,10.4964,10.6445,10.6445,344715.62765521
1993-03-24,10.7309,10.8112,10.6809,10.771,10.771,47031.190639528
1993-03-25,10.771,10.8112,10.6809,10.6809,10.6809,131210.61947647
1993-03-26,10.8112,10.8112,10.6809,10.7309,10.7309,118985.8946226
1993-03-29,10.8112,10.8112,10.4699,10.517,10.517,938682.70061294
1993-03-30,10.5964,10.5964,10.2944,10.4484,10.4484,521076.4756033
1993-03-31,10.3826,10.5552,10.3826,10.5552,10.5552,262882.04919678
1993-04-01,10.4699,10.5964,10.4699,10.5964,10.5964,158011.01702116
1993-04-02,10.5964,10.5964,10.4209,10.517,10.517,553992.80379585
1993-04-05,10.4209,10.5964,10.2944,10.4699,10.4699,403502.57697124
1993-04-06,10.3826,10.517,10.3826,10.4484,10.4484,601967.02424855
1993-04-07,10.4209,10.5964,10.4209,10.5288,10.5288,240787.62529277
1993-04-08,10.5964,10.6809,10.4699,10.5964,10.5964,129802.70145268
1993-04-12,10.8112,10.8976,10.771,10.771,10.771,79007.547493962
1993-04-13,10.8112,10.8976,10.8112,10.8309,10.8309,55969.074285083
1993-04-14,10.8976,10.8976,10.517,10.5288,10.5288,322148.15960708
1993-04-15,10.4699,10.5552,10.3826,10.517,10.517,624537.55077176
1993-04-16,10.517,10.517,10.3826,10.517,10.517,78534.503349838
1993-04-19,10.517,10.517,10.3826,10.3826,10.3826,63019.878812591
1993-04-20,10.4699,10.4699,10.2944,10.3404,10.3404,192347.49713777
1993-04-21,10.2944,10.4209,10.0854,10.2551,10.2551,272291.95749478
1993-04-22,10.2944,10.2944,10.1217,10.1217,10.1217,206923.1698286
1993-04-23,10.2149,10.2149,9.95393,10.0854,10.0854,394096.74664002
1993-04-26,10.0854,10.1217,9.99328,10.058,10.058,105819.15944725
1993-04-27,10.1217,10.1217,9.91085,9.91085,9.91085,389863.81714345
1993-04-28,9.99328,9.99328,9.78527,9.82549,9.82549,282639.79814749
1993-04-29,9.99328,10.1217,9.82549,10.0403,10.0403,171652.83532403
1993-04-30,10.1217,10.2944,10.0403,10.1217,10.1217,846509.43743531
1993-05-03,10.1217,10.1217,9.91085,9.98235,9.98235,107692.98517333
1993-05-04,10.0403,10.2149,9.95393,10.1217,10.1217,86529.357182216
1993-05-05,10.0854,10.1659,10.0854,10.0854,10.0854,27276.500163891
1993-05-06,10.1659,10.1659,10.0403,10.0403,10.0403,73364.660990239
1993-05-07,10.1659,10.1659,9.78527,9.78527,9.78527,207868.23862516
1993-05-10,9.82549,9.91085,9.78527,9.82549,9.82549,95939.265480205
1993-05-11,9.78527,9.91085,9.78527,9.91085,9.91085,39506.322476206
1993-05-12,9.82549,9.91085,9.74015,9.78527,9.78527,127912.56385957
1993-05-13,9.78527,9.78527,9.58419,9.69797,9.69797,150959.19300197
1993-05-14,9.69797,9.69797,9.31003,9.35271,9.35271,280758.83597958
1993-05-17,9.35271,9.48022,8.88277,8.88277,8.88277,347540.63912799
1993-05-18,8.968,8.968,8.57956,8.75554,8.75554,644758.1489497
1993-05-19,8.75554,9.26913,8.75554,9.26913,9.26913,674386.61644224
1993-05-20,9.26913,9.56947,9.22449,9.52337,9.52337,558225.73329241
1993-05-21,9.3939,9.6146,9.3939,9.48022,9.48022,437832.94013771
1993-05-24,9.52337,9.6146,9.3939,9.6146,9.6146,104407.16345671
1993-05-25,9.65188,9.82549,9.56947,9.71268,9.71268,481570.1531271
1993-05-26,9.78527,9.86763,9.69797,9.74015,9.74015,284521.77980709
1993-05-27,9.74015,9.91085,9.74015,9.84707,9.84707,103930.04134581
1993-05-28,9.91085,9.91085,9.6146,9.74015,9.74015,193288.48796758
1993-06-01,9.74015,9.99328,9.74015,9.95393,9.95393,146726.26350541
1993-06-02,9.95393,9.99328,9.86763,9.99328,9.99328,144378.37414352
1993-06-03,9.86763,9.99328,9.78527,9.86763,9.86763,218679.94799679
1993-06-04,9.99328,10.1217,9.86763,9.99328,9.99328,496148.884293
1993-06-07,9.99328,9.99328,9.69797,9.71268,9.71268,208806.17097988
1993-06-08,9.78527,9.78527,9.56947,9.69797,9.69797,363532.38577612
1993-06-09,9.65188,9.78527,9.6146,9.71268,9.71268,228559.84196384
1993-06-10,9.69797,9.78527,9.69797,9.69797,9.69797,101108.08834811
1993-06-11,9.78527,9.99328,9.78527,9.91085,9.91085,143903.29101601
1993-06-14,10.001,10.0942,9.91864,10.0942,10.0942,429369.12012797
1993-06-15,10.0942,10.3022,10.001,10.264,10.264,475927.26662337
1993-06-16,10.264,10.4346,10.1296,10.4346,10.4346,457586.61112166
1993-06-17,10.3464,10.4346,10.2218,10.3022,10.3022,149555.35294494
1993-06-18,10.3022,10.3022,10.1737,10.1737,10.1737,61132.799694542
1993-06-21,10.1737,10.3022,10.1296,10.2218,10.2218,347540.63912799
1993-06-22,10.2218,10.2218,10.1296,10.1737,10.1737,270416.09278532
1993-06-23,10.264,10.6102,10.1737,10.5632,10.5632,463699.48329444
1993-06-24,10.4768,10.6102,10.4768,10.5632,10.5632,461818.52112654
1993-06-25,10.4768,10.5632,10.4768,10.5023,10.5023,100635.04420399
1993-06-28,10.4768,10.5632,10.3464,10.3758,10.3758,123680.6538547
1993-06-29,10.4768,10.4768,10.0942,10.1934,10.1934,467461.40763026
1993-06-30,10.2218,10.2218,10.001,10.1737,10.1737,185292.61464351
1993-07-01,10.1737,10.1737,10.0942,10.1737,10.1737,106283.02816616
1993-07-02,10.0942,10.1737,10.0942,10.1158,10.1158,40445.274322626
1993-07-06,10.0942,10.2218,10.0942,10.1296,10.1296,409618.5076191
1993-07-07,10.2218,10.3022,10.1296,10.264,10.264,248312.49345609
1993-07-08,10.3022,10.3022,10.1737,10.2433,10.2433,164124.90868564
1993-07-09,10.1296,10.3022,10.1296,10.264,10.264,150016.16318878
1993-07-12,10.2433,10.3022,10.1737,10.1737,10.1737,37148.238197414
1993-07-13,10.3022,10.3022,10.1296,10.264,10.264,150959.19300197
1993-07-14,10.2218,10.264,10.0942,10.264,10.264,161779.05830712
1993-07-15,10.1296,10.264,10.1296,10.1296,10.1296,84647.375522617
1993-07-16,10.1296,10.264,10.0942,10.0942,10.0942,51730.027838383
1993-07-19,10.0942,10.1737,10.0452,10.0452,10.0452,25863.484681657
1993-07-20,10.1737,10.1737,10.0452,10.0452,10.0452,189996.54930081
1993-07-21,10.1737,10.1737,10.0942,10.1737,10.1737,56902.928673053
1993-07-22,10.0942,10.1737,10.001,10.001,10.001,150959.19300197
1993-07-23,10.001,10.1296,10.001,10.0452,10.0452,182471.6811375
1993-07-26,10.0452,10.0942,9.83333,9.83333,9.83333,124154.71749051
1993-07-27,9.83333,10.001,9.83333,9.91864,9.91864,118515.90895355
1993-07-28,9.91864,9.91864,9.83333,9.83333,9.83333,26336.528825781
1993-07-29,9.91864,9.91864,9.83333,9.83333,9.83333,55021.966505144
1993-07-30,9.96089,10.0452,9.87256,10.0452,10.0452,220567.02711485
1993-08-02,10.0942,10.3464,10.0942,10.264,10.264,473575.29929472
1993-08-03,10.3277,10.517,10.264,10.4768,10.4768,290165.6858025
1993-08-04,10.3464,10.4768,10.3464,10.4552,10.4552,136852.4864885
1993-08-05,10.3464,10.517,10.3022,10.3758,10.3758,292519.69211454
1993-08-06,10.4346,10.4346,10.264,10.3905,10.3905,55969.074285083
1993-08-09,10.4346,10.4346,10.264,10.3464,10.3464,27276.500163891
1993-08-10,10.264,10.4346,10.264,10.3277,10.3277,42324.197507154
1993-08-11,10.264,10.3905,10.264,10.3905,10.3905,90293.32050141
1993-08-12,10.3905,10.3905,10.264,10.3464,10.3464,41383.206677355
1993-08-13,10.3464,10.3464,10.2218,10.2218,10.2218,21632.594168477
1993-08-16,10.3464,10.3464,10.2218,10.2218,10.2218,14581.789640969
1993-08-17,10.3464,10.3464,10.1737,10.3022,10.3022,94060.342295676
1993-08-18,10.3464,10.3464,10.1737,10.3022,10.3022,60667.911483938
1993-08-19,10.1737,10.3022,10.1737,10.3022,10.3022,23046.6291424
1993-08-20,10.2218,10.3022,10.1737,10.2433,10.2433,133558.50883837
1993-08-23,10.1737,10.3022,10.1737,10.3022,10.3022,19748.573525498
1993-08-24,10.1737,10.3022,10.1737,10.1737,10.1737,142025.38732317
1993-08-25,10.3022,10.3022,10.1737,10.1737,10.1737,223383.88265409
1993-08-26,10.3022,10.3022,10.1737,10.3022,10.3022,14581.789640969
1993-08-27,10.1737,10.3022,10.1737,10.3022,10.3022,479219.20529014
1993-08-30,10.1737,10.3022,10.1737,10.1934,10.1934,42794.183176208
1993-08-31,10.3022,10.3022,10.001,10.0452,10.0452,260538.23780166
1993-09-01,10.001,10.1737,10.001,10.0452,10.0452,128385.6080037
1993-09-02,10.001,10.1296,10.001,10.0667,10.0667,618423.65910729
1993-09-03,10.0942,10.1737,10.001,10.0942,10.0942,175415.77915153
1993-09-07,10.0452,10.1737,10.0452,10.0452,10.0452,59733.037604279
1993-09-08,10.0452,10.1737,10.001,10.1296,10.1296,146726.26350541
1993-09-09,10.0942,10.3022,10.0942,10.3022,10.3022,91700.219033504
1993-09-10,10.264,10.517,10.264,10.4768,10.4768,296277.53848359
1993-09-13,10.5719,10.6504,10.4346,10.4817,10.4817,171652.83532403
1993-09-14,10.3963,10.4817,10.3091,10.4346,10.4346,110050.04996043
1993-09-15,10.3091,10.3091,10.0452,10.1806,10.1806,150489.20733291
1993-09-16,10.0942,10.3091,10.0942,10.3091,10.3091,284053.83312142
1993-09-17,10.2218,10.264,10.1373,10.264,10.264,111926.93416158
1993-09-20,10.1373,10.264,10.1373,10.2001,10.2001,73832.607675913
1993-09-21,10.2218,10.3091,10.1373,10.2483,10.2483,171182.84965497
1993-09-22,10.1806,10.264,10.1373,10.2001,10.2001,204101.21683089
1993-09-23,10.264,10.264,9.91864,10.0266,10.0266,297217.50982171
1993-09-24,10.0452,10.0942,9.83333,9.9,9.9,176357.78947302
1993-09-27,9.87256,9.96665,9.83333,9.87256,9.87256,32444.30354011
1993-09-28,9.96665,9.96665,9.83333,9.83333,9.83333,34333.421641536
1993-09-29,9.87256,9.96665,9.87256,9.96665,9.96665,141552.34317905
1993-09-30,9.87256,9.96665,9.83333,9.83333,9.83333,95464.1823527
1993-10-01,9.87256,9.91864,9.83333,9.83333,9.83333,121333.7839845
1993-10-04,9.83333,9.91864,9.79116,9.83333,9.83333,90293.32050141
1993-10-05,9.91864,9.91864,9.79116,9.85394,9.85394,214444.97951685
1993-10-06,9.91864,9.91864,9.83333,9.87256,9.87256,258184.23148962
1993-10-07,9.83333,9.91864,9.79116,9.87256,9.87256,180117.67482545
1993-10-08,9.74603,9.87256,9.74603,9.87256,9.87256,37628.418783368
1993-10-11,9.79116,9.96665,9.79116,9.96665,9.96665,90293.32050141
1993-10-12,9.87256,10.008,9.87256,10.008,10.008,225267.90329708
1993-10-13,10.008,10.1373,9.91864,10.008,10.008,87004.440309719
1993-10-14,10.1373,10.2218,10.0942,10.1806,10.1806,193756.43465324
1993-10-15,10.1373,10.3091,10.1373,10.2483,10.2483,257247.31862658
1993-10-18,10.1806,10.264,10.1373,10.1373,10.1373,39975.28865357
1993-10-19,10.1373,10.264,9.96665,10.008,10.008,111926.93416158
1993-10-20,10.0266,10.0942,9.87256,9.87256,9.87256,149081.28930913
1993-10-21,9.87256,9.96665,9.70385,9.91864,9.91864,382337.92948844
1993-10-22,9.91864,10.0452,9.83333,10.0452,10.0452,127912.56385957
1993-10-25,9.91864,10.0452,9.91864,10.0452,10.0452,153788.2824415
1993-10-26,10.0942,10.0942,9.96665,10.0942,10.0942,27745.466341255
1993-10-27,10.0942,10.0942,9.96665,9.96665,9.96665,46556.107512024
1993-10-28,10.008,10.1373,9.96665,10.0942,10.0942,367290.23214519
1993-10-29,9.96665,10.0942,9.91864,10.0452,10.0452,172595.8651372
1993-11-01,10.0266,10.0942,9.96665,9.96665,9.96665,420901.22215147
1993-11-02,10.0942,10.0942,9.96665,10.0942,10.0942,135913.53464208
1993-11-03,10.0452,10.1806,10.0452,10.0452,10.0452,155664.14715096
1993-11-04,10.008,10.1373,9.96665,9.98235,9.98235,110515.95766272
1993-11-05,9.91864,9.96665,9.83333,9.93824,9.93824,1350185.228875
1993-11-08,9.96665,10.008,9.83333,10.008,10.008,203630.21167015
1993-11-09,10.0942,10.0942,10.008,10.0942,10.0942,110050.04996043
1993-11-10,10.0452,10.0452,9.91864,9.91864,9.91864,283583.84745236
1993-11-11,10.008,10.0452,9.87256,9.9,9.9,54087.092625485
1993-11-12,10.008,10.008,9.65873,9.70385,9.70385,323082.01399505
1993-11-15,9.74603,9.74603,9.3939,9.53024,9.53024,570458.61407979
1993-11-16,9.53024,9.53024,9.09669,9.18183,9.18183,311331.352777
1993-11-17,9.14005,9.22449,9.01008,9.09669,9.09669,535185.22110015
1993-11-18,9.09669,9.18183,9.01008,9.14005,9.14005,477806.18980791
1993-11-19,9.14005,9.18183,9.04706,9.18183,9.18183,268533.09163402
1993-11-22,9.18183,9.18183,8.8343,9.01008,9.01008,444419.8759463
1993-11-23,9.01008,9.09669,8.88277,9.03578,9.03578,396919.71912941
1993-11-24,9.09669,9.09669,8.968,9.01008,9.01008,237022.64248188
1993-11-26,9.01008,9.14005,9.01008,9.01008,9.01008,192814.42433175
1993-11-29,9.09669,9.09669,9.01008,9.01008,9.01008,271355.04463173
1993-11-30,9.14005,9.14005,9.01008,9.01008,9.01008,141085.41598506
1993-12-01,9.14005,9.18183,9.01008,9.07678,9.07678,422316.27661709
1993-12-02,9.14005,9.14005,8.968,8.968,8.968,517313.5317758
1993-12-03,9.04706,9.09669,8.968,9.09669,9.09669,731763.6087511
1993-12-06,9.01008,9.14005,9.01008,9.14005,9.14005,453356.74010017
1993-12-07,9.14005,9.22449,8.8343,9.01008,9.01008,634414.38626373
1993-12-08,9.04706,9.04706,8.92278,8.92278,8.92278,742579.3960895
1993-12-09,8.968,9.04706,8.92278,9.01008,9.01008,547411.9849374
1993-12-10,9.01008,9.01008,8.92278,9.01008,9.01008,265714.19711139
1993-12-13,9.10434,9.10434,9.01685,9.05373,9.05373,87471.367503704
1993-12-14,9.18183,9.3169,9.10434,9.3169,9.3169,296748.54364433
1993-12-15,9.40763,9.53809,9.3169,9.40763,9.40763,140616.4498077
1993-12-16,9.53809,9.57535,9.4449,9.51651,9.51651,256776.31346584
1993-12-17,9.53809,9.57535,9.49198,9.49198,9.49198,408674.45831422
1993-12-20,9.57535,9.57535,9.3169,9.40763,9.40763,214917.00416929
1993-12-21,9.40763,9.40763,8.92748,8.968,8.968,420436.33394087
1993-12-22,8.92748,9.05373,8.92748,9.01685,9.01685,166484.01245612
1993-12-23,9.01685,9.05373,8.92748,9.05373,9.05373,217274.06895639
1993-12-27,9.05373,9.10434,8.968,9.10434,9.10434,93588.317643242
1993-12-28,9.05373,9.2294,9.05373,9.2294,9.2294,203630.21167015
1993-12-29,9.27492,9.4449,9.18183,9.4449,9.4449,300977.39517414
1993-12-30,9.57535,9.66952,9.49198,9.57535,9.57535,625007.53644081
1993-12-31,9.49198,9.53809,9.3169,9.3169,9.3169,162719.02964523
1994-01-03,9.4449,9.4449,9.3169,9.4449,9.4449,98759.179494531
1994-01-04,9.4449,9.53809,9.3169,9.49198,9.49198,152368.13051744
1994-01-05,9.36545,9.53809,9.27492,9.3169,9.3169,333901.8793002
1994-01-06,9.40763,9.40763,9.3169,9.40763,9.40763,380932.05044804
1994-01-07,9.40763,9.40763,9.27492,9.36545,9.36545,70069.663848408
1994-01-10,9.36545,9.36545,9.18183,9.3169,9.3169,522486.43261047
1994-01-11,9.36545,9.36545,9.27492,9.36545,9.36545,205046.28562745
1994-01-12,9.36545,9.36545,9.18183,9.21175,9.21175,321206.14928558
1994-01-13,9.27492,9.3169,9.1478,9.1478,9.1478,208335.16581914
1994-01-14,9.3169,9.3169,9.1478,9.1478,9.1478,140145.44464696
1994-01-17,9.2294,9.3169,9.05373,9.18183,9.18183,240319.6786071
1994-01-18,9.18183,9.18183,8.92748,9.05373,9.05373,170238.8003501
1994-01-19,9.05373,9.05373,8.92748,8.92748,8.92748,473575.29929472
1994-01-20,9.05373,9.05373,8.92748,9.01685,9.01685,285461.7511452
1994-01-21,8.968,9.1478,8.968,9.1478,9.1478,734581.48378204
1994-01-24,9.1478,9.1478,8.968,9.05373,9.05373,174473.76883004
1994-01-25,9.10434,9.18183,8.968,9.18183,9.18183,269004.09679478
1994-01-26,9.10434,9.57535,9.05373,9.57535,9.57535,328257.97330479
1994-01-27,9.49198,9.84707,9.49198,9.75192,9.75192,278876.85431998
1994-01-28,9.84707,10.0157,9.71268,9.93048,9.93048,278876.85431998
1994-01-31,9.88825,10.1473,9.88825,10.1473,10.1473,200811.31714751
1994-02-01,10.1473,10.1473,10.0157,10.0157,10.0157,166010.96831199
1994-02-02,10.1089,10.1089,9.79704,9.79704,9.79704,233258.67916269
1994-02-03,9.8196,9.9746,9.79704,9.84707,9.84707,748690.22927889
1994-02-04,9.88825,9.88825,9.71268,9.79704,9.79704,276055.92081397
1994-02-07,9.62637,9.79704,9.62637,9.75192,9.75192,201752.30797731
1994-02-08,9.71268,9.88825,9.71268,9.84707,9.84707,100635.04420399
1994-02-09,9.84707,9.93048,9.79704,9.93048,9.93048,189996.54930081
1994-02-10,9.9746,10.1473,9.88825,10.0157,10.0157,270884.03947099
1994-02-11,9.9746,10.0157,9.88825,10.0157,10.0157,36213.364317755
1994-02-14,10.0157,10.0157,9.88825,10.0157,10.0157,47031.190639528
1994-02-15,9.88825,9.9746,9.84707,9.84707,9.84707,121333.7839845
1994-02-16,9.84707,9.9746,9.62637,9.66952,9.66952,227613.75367559
1994-02-17,9.75192,9.75192,9.57535,9.64697,9.64697,260064.17416584
1994-02-18,9.57535,9.71268,9.53809,9.57535,9.57535,186234.62496499
1994-02-22,9.62637,9.62637,9.49198,9.51651,9.51651,134501.53865154
1994-02-23,9.57535,9.57535,9.49198,9.57535,9.57535,33862.416480793
1994-02-24,9.53809,9.53809,9.49198,9.53809,9.53809,57376.992308866
1994-02-25,9.49198,9.57535,9.49198,9.49198,9.49198,57376.992308866
1994-02-28,9.49198,9.57535,9.4449,9.49198,9.49198,114748.88715928
1994-03-01,9.47433,9.49198,9.36545,9.49198,9.49198,127912.56385957
1994-03-02,9.4449,9.66952,9.3831,9.57535,9.57535,426079.22044459
1994-03-03,9.66952,9.66952,9.53809,9.62637,9.62637,35740.320173631
1994-03-04,9.53809,9.66952,9.53809,9.66952,9.66952,65368.787666173
1994-03-07,9.66952,9.66952,9.53809,9.53809,9.53809,35740.320173631
1994-03-08,9.53809,9.71268,9.53809,9.71268,9.71268,140145.44464696
1994-03-09,9.71268,9.71268,9.53809,9.64697,9.64697,40445.274322626
1994-03-10,9.71268,9.71268,9.53809,9.66952,9.66952,43736.193497697
1994-03-11,9.53809,9.79704,9.53809,9.71268,9.71268,104872.05166731
1994-03-14,9.76664,10.0266,9.76664,10.0266,10.0266,230912.82878418
1994-03-15,10.0266,10.0266,9.9,9.9,9.9,142025.38732317
1994-03-16,9.9,10.0266,9.81175,9.9,9.9,216797.9663372
1994-03-17,9.85394,9.9,9.85394,9.85394,9.85394,65837.753843537
1994-03-18,9.85394,9.85394,9.76664,9.85394,9.85394,86060.39100485
1994-03-21,9.85394,9.85394,9.55182,9.64206,9.64206,188111.50916614
1994-03-22,9.55182,9.6764,9.41646,9.45962,9.45962,201752.30797731
1994-03-23,9.55182,9.55182,9.41646,9.55182,9.55182,156604.11848907
1994-03-24,9.45962,9.55182,9.41646,9.50375,9.50375,103930.04134581
1994-03-25,9.50375,9.64206,9.45962,9.64206,9.64206,416204.42393599
1994-03-28,9.50375,9.6764,9.50375,9.50375,9.50375,39975.28865357
1994-03-29,9.64206,9.6764,9.50375,9.6764,9.6764,93116.292990807
1994-03-30,9.50375,9.64206,9.50375,9.56947,9.56947,236548.57884607
1994-03-31,9.50375,9.64206,9.15436,9.15436,9.15436,267123.13462687
1994-04-04,9.15436,9.19733,9.06216,9.13514,9.13514,178236.71265755
1994-04-05,9.19733,9.37035,9.06216,9.37035,9.37035,265239.11398389
1994-04-06,9.29061,9.41646,9.29061,9.29061,9.29061,431249.06280419
1994-04-07,9.45962,9.45962,9.29061,9.41646,9.41646,255837.36161942
1994-04-08,9.29061,9.41646,9.24293,9.37035,9.37035,136377.40336099
1994-04-11,9.29061,9.37035,9.24293,9.24293,9.24293,250191.41664063
1994-04-12,9.37035,9.37035,9.24293,9.37035,9.37035,208335.16581914
1994-04-13,9.24293,9.37035,9.24293,9.24293,9.24293,173536.855967
1994-04-14,9.19733,9.37035,9.19733,9.33014,9.33014,134501.53865154
1994-04-15,9.33014,9.37035,9.19733,9.25746,9.25746,270416.09278532
1994-04-18,9.37035,9.37035,9.24293,9.37035,9.37035,175888.82329566
1994-04-19,9.24293,9.37035,9.24293,9.29061,9.29061,80882.392711731
1994-04-20,9.37035,9.37035,9.15436,9.24293,9.24293,73364.660990239
1994-04-21,9.29061,9.29061,9.15436,9.29061,9.29061,169771.87315612
1994-04-22,9.29061,9.29061,9.15436,9.15436,9.15436,89827.412799115
1994-04-25,9.21851,9.29061,9.15436,9.29061,9.29061,99228.145671895
1994-04-26,9.29061,9.29061,9.15436,9.29061,9.29061,38094.326485663
1994-04-28,9.29061,9.29061,9.06216,9.19733,9.19733,102521.10383035
1994-04-29,9.19733,9.19733,9.06216,9.19733,9.19733,231380.77546986
1994-05-02,9.06216,9.15436,9.06216,9.1111,9.1111,75717.647810581
1994-05-03,9.1111,9.1111,9.06216,9.1111,9.1111,238432.59948905
1994-05-04,9.06216,9.1111,8.93485,9.02253,9.02253,94531.34745642
1994-05-05,9.06216,9.29061,9.02253,9.15436,9.15436,997942.6940731
1994-05-06,9.29061,9.29061,9.15436,9.19733,9.19733,85119.400175052
1994-05-09,9.24293,9.24293,9.15436,9.15436,9.15436,159897.07664752
1994-05-10,9.19733,9.19733,9.15436,9.17702,9.17702,25395.537995982
1994-05-11,9.19733,9.19733,9.1111,9.15436,9.15436,119451.8023249
1994-05-12,9.15436,9.24293,9.15436,9.19733,9.19733,78534.503349838
1994-05-13,9.15436,9.24293,9.15436,9.15436,9.15436,40912.20151661
1994-05-16,9.15436,9.24293,9.15436,9.24293,9.24293,126974.63150484
1994-05-17,9.24293,9.24293,9.15436,9.24293,9.24293,64430.855311444
1994-05-18,9.15436,9.24293,9.1111,9.13514,9.13514,550704.94309584
1994-05-19,9.1111,9.19733,9.1111,9.15436,9.15436,161309.07263806
1994-05-20,9.1111,9.19733,9.1111,9.19733,9.19733,49853.143637235
1994-05-23,9.1111,9.19733,9.1111,9.1111,9.1111,39975.28865357
1994-05-24,9.1111,9.19733,9.1111,9.19733,9.19733,29157.462331798
1994-05-25,9.19733,9.19733,9.1111,9.1111,9.1111,97817.169173042
1994-05-26,9.19733,9.19733,9.1111,9.1111,9.1111,234676.79210338
1994-05-27,9.19733,9.19733,9.06216,9.1111,9.1111,38094.326485663
1994-05-31,9.1111,9.15436,9.02253,9.04225,9.04225,81827.46150829
1994-06-01,9.15436,9.15436,8.98203,9.06216,9.06216,196109.42147359
1994-06-02,9.06216,9.15436,9.06216,9.06216,9.06216,195169.45013548
1994-06-03,9.15436,9.15436,9.06216,9.1111,9.1111,191405.48681629
1994-06-06,9.06216,9.19733,9.06216,9.19733,9.19733,129326.59883349
1994-06-07,9.1111,9.29061,9.1111,9.29061,9.29061,277939.94145695
1994-06-08,9.21851,9.37035,9.19733,9.37035,9.37035,142500.47045067
1994-06-09,9.29061,9.37035,9.29061,9.37035,9.37035,69128.673018609
1994-06-10,9.37035,9.50375,9.29061,9.50375,9.50375,175415.77915153
1994-06-13,9.51651,9.51651,9.47433,9.47433,9.47433,304273.41180766
1994-06-14,9.51651,9.51651,9.43118,9.43118,9.43118,78534.503349838
1994-06-15,9.43118,9.51651,9.43118,9.47433,9.47433,166010.96831199
1994-06-16,9.51651,9.51651,9.43118,9.51651,9.51651,89827.412799115
1994-06-17,9.51651,9.51651,9.43118,9.51651,9.51651,228559.84196384
1994-06-20,9.337,9.3831,9.25746,9.25746,9.25746,88411.338841812
1994-06-21,9.29835,9.3831,9.25746,9.337,9.337,109578.025308
1994-06-22,9.25746,9.3831,9.25746,9.3169,9.3169,89827.412799115
1994-06-23,9.337,9.337,9.16879,9.16879,9.16879,1193111.1247169
1994-06-24,9.12376,9.25746,8.90149,8.98928,8.98928,525308.38560817
1994-06-27,8.85588,9.03578,8.80753,8.94142,8.94142,434541.00147094
1994-06-28,9.03578,9.03578,8.94142,9.03578,9.03578,148609.2646567
1994-06-29,9.03578,9.21175,8.94142,9.21175,9.21175,121805.80863693
1994-06-30,9.12376,9.3831,9.12376,9.3831,9.3831,228559.84196384
1994-07-01,9.3831,9.47433,9.29835,9.47433,9.47433,115218.87282834
1994-07-05,9.47433,9.47433,9.337,9.36545,9.36545,95464.1823527
1994-07-06,9.337,9.47433,9.337,9.337,9.337,35740.320173631
1994-07-07,9.337,9.53809,9.337,9.3831,9.3831,235144.73878906
1994-07-08,9.337,9.43118,9.337,9.43118,9.43118,25395.537995982
1994-07-11,9.43118,9.43118,9.29835,9.29835,9.29835,48909.094332366
1994-07-12,9.25746,9.3831,9.25746,9.3831,9.3831,54550.9613444
1994-07-13,9.25746,9.3831,9.25746,9.3831,9.3831,12697.768997992
1994-07-14,9.3831,9.3831,9.21175,9.25746,9.25746,91234.31133121
1994-07-15,9.21175,9.27492,9.12376,9.25746,9.25746,122277.83328936
1994-07-18,9.12376,9.25746,9.12376,9.16879,9.16879,67719.735503136
1994-07-19,9.16879,9.29835,9.16879,9.25746,9.25746,148609.2646567
1994-07-20,9.29835,9.29835,9.12376,9.12376,9.12376,23512.536844694
1994-07-21,9.25746,9.25746,9.12376,9.25746,9.25746,156604.11848907
1994-07-22,9.25746,9.25746,9.12376,9.21175,9.21175,35271.353996266
1994-07-25,9.12376,9.25746,9.12376,9.25746,9.25746,223852.84883146
1994-07-26,9.25746,9.25746,9.16879,9.16879,9.16879,108636.0149865
1994-07-27,9.16879,9.25746,9.12376,9.16879,9.16879,109578.025308
1994-07-28,9.16879,9.29835,9.16879,9.16879,9.16879,185764.63929593
1994-07-29,9.29835,9.45275,9.16879,9.3831,9.3831,230912.82878418
1994-08-01,9.3831,9.43118,9.29835,9.43118,9.43118,150959.19300197
1994-08-02,9.43118,9.51651,9.337,9.43118,9.43118,214917.00416929
1994-08-03,9.43118,9.51651,9.3831,9.3831,9.3831,46088.160826349
1994-08-04,9.3831,9.47433,9.3831,9.47433,9.47433,47031.190639528
1994-08-05,9.3831,9.47433,9.337,9.47433,9.47433,61132.799694542
1994-08-08,9.47433,9.51651,9.337,9.51651,9.51651,95939.265480205
1994-08-09,9.51651,9.51651,9.3831,9.3831,9.3831,42324.197507154
1994-08-10,9.56358,9.56358,9.43118,9.43118,9.43118,23984.561497128
1994-08-11,9.56358,9.56358,9.43118,9.51651,9.51651,76189.672463016
1994-08-12,9.56358,9.56358,9.43118,9.56358,9.56358,68658.687349554
1994-08-15,9.43118,9.60773,9.43118,9.51651,9.51651,107692.98517333
1994-08-16,9.60773,9.69797,9.51651,9.65188,9.65188,120862.77882375
1994-08-17,9.69797,9.7784,9.56358,9.65188,9.65188,122277.83328936
1994-08-18,9.7784,9.7784,9.65188,9.65188,9.65188,83237.418515453
1994-08-19,9.73426,9.73426,9.65188,9.65188,9.65188,55969.074285083
1994-08-22,9.65188,9.7784,9.65188,9.7784,9.7784,85119.400175052
1994-08-23,9.65188,9.96089,9.65188,9.82549,9.82549,293927.61013832
1994-08-24,9.82549,9.91085,9.82549,9.91085,9.91085,40445.274322626
1994-08-25,9.82549,9.91085,9.69797,9.69797,9.69797,131680.60514552
1994-08-26,9.7784,9.7784,9.66952,9.66952,9.66952,150016.16318878
1994-08-29,9.7784,9.7784,9.69797,9.69797,9.69797,141085.41598506
1994-08-30,9.69797,9.7784,9.69797,9.73426,9.73426,88884.382985937
1994-08-31,9.7784,9.7784,9.73426,9.7784,9.7784,62074.810016031
1994-09-01,9.7784,9.7784,9.65188,9.65188,9.65188,48438.089171622
1994-09-02,9.65188,9.7784,9.60773,9.60773,9.60773,78067.576155855
1994-09-06,9.56358,9.69797,9.56358,9.69797,9.69797,19748.573525498
1994-09-07,9.56358,9.65188,9.56358,9.65188,9.65188,48909.094332366
1994-09-08,9.60773,9.65188,9.56358,9.62637,9.62637,161779.05830712
1994-09-09,9.56358,9.65188,9.43118,9.45275,9.45275,116158.84416645
1994-09-12,9.48511,9.6195,9.48511,9.6195,9.6195,127912.56385957
1994-09-13,9.53024,9.6195,9.3939,9.4449,9.4449,242667.56796898
1994-09-14,9.53024,9.57535,9.4449,9.57535,9.57535,103462.09466015
1994-09-15,9.53024,9.53024,9.4449,9.4449,9.4449,135439.47100627
1994-09-16,9.48511,9.57535,9.4449,9.57535,9.57535,210689.17213119
1994-09-19,9.57535,9.6195,9.4449,9.4449,9.4449,203164.30396785
1994-09-20,9.57535,9.57535,9.31003,9.33014,9.33014,190465.51547818
1994-09-21,9.3939,9.3939,9.17702,9.31003,9.31003,366824.32444289
1994-09-22,9.26531,9.33014,9.26531,9.31003,9.31003,231380.77546986
1994-09-23,9.31003,9.35271,9.31003,9.35271,9.35271,283583.84745236
1994-09-26,9.35271,9.35271,9.17702,9.31003,9.31003,214444.97951685
1994-09-27,9.26531,9.31003,9.26531,9.29061,9.29061,122277.83328936
1994-09-28,9.31003,9.4449,9.21851,9.26531,9.26531,475927.26662337
1994-09-29,9.26531,9.35271,9.26531,9.35271,9.35271,509316.63896005
1994-09-30,9.29061,9.35271,9.26531,9.26531,9.26531,84647.375522617
1994-10-03,9.35271,9.35271,9.17702,9.21851,9.21851,63019.878812591
1994-10-04,9.31003,9.31003,9.17702,9.29061,9.29061,192814.42433175
1994-10-05,9.21851,9.21851,9.08236,9.08236,9.08236,197048.37332001
1994-10-06,9.08236,9.21851,9.08236,9.21851,9.21851,30569.458322342
1994-10-07,9.26531,9.31003,9.13054,9.21851,9.21851,129326.59883349
1994-10-10,9.35271,9.35271,9.21851,9.35271,9.35271,106753.01383522
1994-10-11,9.26531,9.35271,9.21851,9.35271,9.35271,54087.092625485
1994-10-12,9.21851,9.35271,9.21851,9.29061,9.29061,124621.6446845
1994-10-13,9.35271,9.48511,9.17702,9.35271,9.35271,174473.76883004
1994-10-14,9.35271,9.48511,9.35271,9.48511,9.48511,50791.075991964
1994-10-17,9.48511,9.48511,9.35271,9.3939,9.3939,87004.440309719
1994-10-18,9.48511,9.48511,9.35271,9.42332,9.42332,262416.14149448
1994-10-19,9.48511,9.53024,9.35271,9.3939,9.3939,340489.83460048
1994-10-20,9.53024,9.53024,9.35271,9.4449,9.4449,156604.11848907
1994-10-21,9.35271,9.53024,9.35271,9.48511,9.48511,100635.04420399
1994-10-24,9.35271,9.48511,9.35271,9.3939,9.3939,41383.206677355
1994-10-25,9.35271,9.3939,8.90884,9.00371,9.00371,251597.29568104
1994-10-26,9.13054,9.13054,8.90884,8.96025,8.96025,158011.01702116
1994-10-27,9.04225,9.04225,8.5983,8.77457,8.77457,1020048.3323856
1994-10-28,8.82136,8.90884,8.73523,8.90884,8.90884,633940.32262792
1994-10-31,8.90884,8.95368,8.82136,8.86883,8.86883,391747.83778642
1994-11-01,8.82136,9.00371,8.82136,9.00371,9.00371,202224.33262974
1994-11-02,8.86883,9.04225,8.86883,9.04225,9.04225,235144.73878906
1994-11-03,9.04225,9.04225,8.95368,9.00371,9.00371,76656.599657
1994-11-04,9.04225,9.04225,8.86883,8.95368,8.95368,77596.570995109
1994-11-07,8.95368,8.95368,8.82136,8.82136,8.82136,30569.458322342
1994-11-08,8.82136,8.90884,8.82136,8.86883,8.86883,81360.534314306
1994-11-09,8.86883,8.95368,8.82136,8.84176,8.84176,254898.409773
1994-11-10,8.82136,8.86883,8.68717,8.77457,8.77457,434541.00147094
1994-11-11,8.77457,8.77457,8.73523,8.77457,8.77457,175415.77915153
1994-11-14,8.77457,8.77457,8.64009,8.64009,8.64009,215391.0678051
1994-11-15,8.73523,8.73523,8.5983,8.73523,8.73523,120396.87112145
1994-11-16,8.77457,8.77457,8.50532,8.57956,8.57956,126508.72380255
1994-11-17,8.55309,8.68717,8.55309,8.57956,8.57956,191405.48681629
1994-11-18,8.64009,8.64009,8.55309,8.64009,8.64009,94997.255158715
1994-11-21,8.68717,8.68717,8.37359,8.46697,8.46697,230912.82878418
1994-11-22,8.332,8.4188,8.28512,8.332,8.332,222447.98928275
1994-11-23,8.332,8.46697,8.23685,8.36103,8.36103,282639.79814749
1994-11-25,8.332,8.4188,8.332,8.332,8.332,20691.603338677
1994-11-28,8.4188,8.5983,8.332,8.5983,8.5983,338603.77497412
1994-11-29,8.53327,8.5983,8.50532,8.50532,8.50532,150489.20733291
1994-11-30,8.46697,8.55309,8.46697,8.46697,8.46697,71013.713153277
1994-12-01,8.46697,8.55309,8.37359,8.44616,8.44616,291576.66230136
1994-12-02,8.37359,8.55309,8.37359,8.46697,8.46697,98759.179494531
1994-12-05,8.55309,8.5983,8.4188,8.5983,8.5983,79947.518832072
1994-12-06,8.5983,8.5983,8.4188,8.4188,8.4188,176357.78947302
1994-12-07,8.4188,8.50532,8.332,8.4188,8.4188,107222.99950427
1994-12-08,8.332,8.4188,8.28512,8.332,8.332,50791.075991964
1994-12-09,8.4188,8.4188,8.23685,8.23685,8.23685,110991.04079023
1994-12-12,8.34514,8.34514,8.21203,8.34514,8.34514,82774.569288229
1994-12-13,8.21203,8.34514,8.21203,8.25234,8.25234,195638.41631285
1994-12-14,8.38584,8.4805,8.25234,8.34514,8.34514,214444.97951685
1994-12-15,8.4805,8.65402,8.38584,8.65402,8.65402,212101.16812172
1994-12-16,8.65402,8.78732,8.56819,8.70002,8.70002,194229.47879737
1994-12-19,8.7479,9.1478,8.7479,9.10434,9.10434,332024.99509905
1994-12-20,9.01685,9.10434,8.92278,8.92278,8.92278,312742.32927585
1994-12-21,9.05373,9.18947,8.92278,9.10434,9.10434,631589.37479095
1994-12-22,9.10434,9.10434,9.01685,9.10434,9.10434,408674.45831422
1994-12-23,9.05373,9.18947,9.05373,9.17702,9.17702,147668.2738269
1994-12-27,9.18947,9.23617,9.05373,9.21851,9.21851,866733.09408832
1994-12-28,9.10434,9.18947,9.10434,9.10434,9.10434,111457.96798421
1994-12-29,9.05373,9.32425,9.05373,9.18947,9.18947,176357.78947302
1994-12-30,9.18947,9.32425,9.18947,9.18947,9.18947,165539.96315125
1995-01-03,9.18947,9.23617,9.05373,9.10434,9.10434,397390.72429016
1995-01-04,9.05373,9.23617,9.05373,9.23617,9.23617,111926.93416158
1995-01-05,9.23617,9.32425,9.1478,9.28178,9.28178,248312.49345609
1995-01-06,9.28178,9.45962,9.28178,9.41646,9.41646,121805.80863693
1995-01-09,9.41646,9.45962,9.28178,9.37035,9.37035,229027.78864951
1995-01-10,9.37035,9.55182,9.37035,9.41646,9.41646,228089.85629478
1995-01-11,9.50375,9.50375,9.28178,9.28178,9.28178,100174.23396014
1995-01-12,9.28178,9.41646,9.28178,9.32425,9.32425,96411.290132638
1995-01-13,9.32425,9.41646,9.32425,9.32425,9.32425,144378.37414352
1995-01-16,9.32425,9.41646,9.32425,9.32425,9.32425,101582.15198393
1995-01-17,9.41646,9.41646,9.28178,9.37035,9.37035,196109.42147359
1995-01-18,9.37035,9.37035,9.23617,9.32425,9.32425,176357.78947302
1995-01-19,9.32425,9.32425,9.23617,9.23617,9.23617,23984.561497128
1995-01-20,9.28178,9.28178,9.23617,9.23617,9.23617,39506.322476206
1995-01-23,9.23617,9.28178,9.18947,9.23617,9.23617,85119.400175052
1995-01-24,9.18947,9.28178,9.18947,9.23617,9.23617,50322.109814599
1995-01-25,9.23617,9.37035,9.18947,9.23617,9.23617,123217.80462747
1995-01-26,9.23617,9.37035,9.18947,9.18947,9.18947,179651.76712315
1995-01-27,9.32425,9.32425,9.18947,9.18947,9.18947,45618.175157294
1995-01-30,9.18947,9.32425,9.18947,9.28178,9.28178,79007.547493962
1995-01-31,9.28178,9.28178,9.18947,9.21851,9.21851,64897.782505429
1995-02-01,9.18947,9.23617,9.1478,9.1478,9.1478,237496.7061177
1995-02-02,9.1478,9.32425,9.10434,9.26531,9.26531,229027.78864951
1995-02-03,9.28178,9.41646,9.23617,9.32425,9.32425,59733.037604279
1995-02-06,9.32425,9.55182,9.23617,9.50375,9.50375,365410.28946896
1995-02-07,9.55182,9.59203,9.45962,9.55182,9.55182,153313.199314
1995-02-08,9.59203,9.64206,9.55182,9.59203,9.59203,197517.33949737
1995-02-09,9.64206,9.64206,9.55182,9.55182,9.55182,172121.8015014
1995-02-10,9.64206,9.72838,9.64206,9.64206,9.64206,105819.15944725
1995-02-13,9.64206,9.72838,9.64206,9.68326,9.68326,190465.51547818
1995-02-14,9.68326,9.72838,9.64206,9.72838,9.72838,133558.50883837
1995-02-15,9.64206,9.8196,9.64206,9.77252,9.77252,150959.19300197
1995-02-16,9.77252,9.77252,9.64206,9.72838,9.72838,78067.576155855
1995-02-17,9.72838,9.8196,9.68326,9.8196,9.8196,203630.21167015
1995-02-21,9.8196,9.8196,9.68326,9.8196,9.8196,61132.799694542
1995-02-22,9.68326,9.85982,9.68326,9.8196,9.8196,140616.4498077
1995-02-23,9.77252,9.85982,9.77252,9.77252,9.77252,135439.47100627
1995-02-24,9.85982,9.85982,9.77252,9.7784,9.7784,135913.53464208
1995-02-27,9.84707,9.85982,9.72838,9.77252,9.77252,67252.80830915
1995-02-28,9.8196,10.0403,9.68326,10.0403,10.0403,281701.86579277
1995-03-01,10.0403,10.1296,9.95393,10.0403,10.0403,150016.16318878
1995-03-02,9.99328,10.0854,9.99328,10.0403,10.0403,65837.753843537
1995-03-03,9.99328,10.0854,9.95393,9.95393,9.95393,100174.23396014
1995-03-06,9.99328,10.0403,9.90591,9.91864,9.91864,53141.004337237
1995-03-07,9.90591,9.99328,9.85982,9.95393,9.95393,56433.962495688
1995-03-08,9.85982,9.95393,9.85982,9.85982,9.85982,115218.87282834
1995-03-09,9.95393,9.95393,9.85982,9.85982,9.85982,66310.797987661
1995-03-10,9.95393,9.99328,9.85982,9.88825,9.88825,47963.006044117
1995-03-13,9.56358,9.56358,9.3831,9.3831,9.3831,113336.89116874
1995-03-14,9.3831,9.51651,9.3831,9.43118,9.43118,87004.440309719
1995-03-15,9.3831,9.51651,9.3831,9.3831,9.3831,65837.753843537
1995-03-16,9.3939,9.51651,9.3831,9.40174,9.40174,124154.71749051
1995-03-17,9.3831,9.51651,9.337,9.43118,9.43118,127445.63666558
1995-03-20,9.3831,9.43118,9.337,9.337,9.337,158487.11964036
1995-03-21,9.337,9.43118,9.337,9.337,9.337,46088.160826349
1995-03-22,9.43118,9.43118,9.337,9.35271,9.35271,60194.867339813
1995-03-23,9.337,9.43118,9.29835,9.43118,9.43118,105819.15944725
1995-03-24,9.43118,9.43118,9.337,9.43118,9.43118,43269.266303713
1995-03-27,9.43118,9.43118,9.337,9.3831,9.3831,197989.3641498
1995-03-28,9.337,9.43118,9.31003,9.35957,9.35957,360235.34965092
1995-03-29,9.337,9.43118,9.337,9.35271,9.35271,158487.11964036
1995-03-30,9.3831,9.3831,9.337,9.3831,9.3831,166952.97863348
1995-03-31,9.3831,9.43118,9.337,9.337,9.337,197989.3641498
1995-04-03,9.3831,9.47433,9.3831,9.47433,9.47433,128855.59367275
1995-04-04,9.43118,9.43118,9.337,9.3831,9.3831,387508.79133973
1995-04-05,9.35957,9.60773,9.35957,9.3831,9.3831,969726.2225711
1995-04-06,9.47433,9.47433,9.3831,9.47433,9.47433,261006.18448733
1995-04-07,9.47433,9.47433,9.337,9.40174,9.40174,166010.96831199
1995-04-10,9.43118,9.47433,9.337,9.3831,9.3831,300977.39517414
1995-04-11,9.47433,9.47433,9.3831,9.47433,9.47433,356476.48379017
1995-04-12,9.47433,9.51651,9.3831,9.51651,9.51651,267591.08131254
1995-04-13,9.43118,9.56358,9.43118,9.56358,9.56358,152842.19415326
1995-04-17,9.56358,9.56358,9.43118,9.56358,9.56358,146726.26350541
1995-04-18,9.47433,9.56358,9.47433,9.56358,9.56358,125563.65500599
1995-04-19,9.56358,9.63421,9.47433,9.56358,9.56358,110515.95766272
1995-04-20,9.65188,9.74015,9.56358,9.65188,9.65188,224329.97094234
1995-04-21,9.60773,9.74015,9.60773,9.74015,9.74015,69601.717162733
1995-04-24,9.65188,9.78527,9.65188,9.69797,9.69797,113807.89632948
1995-04-25,9.69797,9.96665,9.69797,9.87256,9.87256,263826.09850165
1995-04-26,9.87256,10.052,9.87256,10.052,10.052,248782.47912515
1995-04-27,9.96665,10.052,9.96665,10.052,10.052,114748.88715928
1995-04-28,10.052,10.052,9.96665,9.96665,9.96665,179181.78145411
1995-05-01,10.052,10.052,9.69797,9.83333,9.83333,183410.63298391
1995-05-02,9.78527,10.1011,9.69797,10.052,10.052,306156.41295894
1995-05-03,10.1011,10.1934,10.008,10.1934,10.1934,174473.76883004
1995-05-04,10.1011,10.2433,10.1011,10.1473,10.1473,171652.83532403
1995-05-05,10.2433,10.2433,10.008,10.008,10.008,131680.60514552
1995-05-08,10.1011,10.1011,9.91864,10.1011,10.1011,130738.59482403
1995-05-09,10.0344,10.1011,9.91864,10.052,10.052,339548.84377069
1995-05-10,10.052,10.052,9.96665,10.008,10.008,102992.10899109
1995-05-11,9.96665,10.052,9.96665,9.96665,9.96665,158011.01702116
1995-05-12,9.96665,10.052,9.96665,9.96665,9.96665,113807.89632948
1995-05-15,10.052,10.052,9.96665,10.052,10.052,125093.66933693
1995-05-16,10.052,10.052,9.96665,10.052,10.052,131210.61947647
1995-05-17,10.052,10.052,10.008,10.008,10.008,29157.462331798
1995-05-18,10.052,10.052,10.008,10.052,10.052,174473.76883004
1995-05-19,10.052,10.052,9.87256,10.008,10.008,207868.23862516
1995-05-22,9.87256,10.008,9.87256,9.91864,9.91864,82774.569288229
1995-05-23,9.91864,10.052,9.91864,10.052,10.052,324025.04380823
1995-05-24,10.008,10.1473,10.008,10.1473,10.1473,118039.80633435
1995-05-25,10.1473,10.1473,10.008,10.008,10.008,52668.979684802
1995-05-26,10.1473,10.1473,9.87256,9.96665,9.96665,141085.41598506
1995-05-30,9.87256,10.008,9.78527,9.91864,9.91864,68189.72117219
1995-05-31,9.78527,9.96665,9.78527,9.91864,9.91864,112400.99779739
1995-06-01,9.83333,9.96665,9.83333,9.83333,9.83333,21164.647482801
1995-06-02,9.83333,10.008,9.83333,9.91864,9.91864,185764.63929593
1995-06-05,9.91864,10.008,9.91864,10.008,10.008,27276.500163891
1995-06-06,10.008,10.008,9.91864,9.96665,9.96665,229970.81846269
1995-06-07,10.008,10.008,9.87256,10.008,10.008,49853.143637235
1995-06-08,10.008,10.1011,9.91864,10.052,10.052,328257.97330479
1995-06-09,10.008,10.1011,10.008,10.008,10.008,274174.95864606
1995-06-12,10.008,10.1011,10.008,10.008,10.008,52202.052490817
1995-06-13,10.052,10.1011,10.008,10.1011,10.1011,242196.56280825
1995-06-14,10.0746,10.16,10.0746,10.1158,10.1158,1760275.7611465
1995-06-15,10.0746,10.2071,10.0746,10.1158,10.1158,115688.85849739
1995-06-16,10.16,10.3905,10.1158,10.3404,10.3404,427961.20210419
1995-06-19,10.3404,10.3708,10.2071,10.2483,10.2483,161779.05830712
1995-06-20,10.2944,10.3404,10.2071,10.3404,10.3404,152368.13051744
1995-06-21,10.3404,10.3404,10.2071,10.2944,10.2944,86529.357182216
1995-06-22,10.2071,10.4346,10.2071,10.4346,10.4346,158957.10530941
1995-06-23,10.3404,10.5239,10.3404,10.4817,10.4817,662630.85776573
1995-06-26,10.3905,10.4817,10.2483,10.3404,10.3404,110515.95766272
1995-06-27,10.3404,10.3404,10.1158,10.1158,10.1158,121333.7839845
1995-06-28,10.1158,10.2071,10.0746,10.2071,10.2071,114748.88715928
1995-06-29,10.2071,10.2071,9.98235,9.98235,9.98235,281228.82164864
1995-06-30,10.0746,10.1158,9.98235,10.1158,10.1158,139672.40050283
1995-07-03,10.1158,10.1158,9.98235,10.0266,10.0266,151902.22281515
1995-07-05,10.0266,10.0746,9.93824,10.0266,10.0266,2265360.4901016
1995-07-06,10.0266,10.0746,9.98235,10.058,10.058,124154.71749051
1995-07-07,10.0746,10.1158,9.98235,10.0746,10.0746,40445.274322626
1995-07-10,9.98235,10.1158,9.98235,10.0266,10.0266,210689.17213119
1995-07-11,10.0266,10.1158,9.98235,10.0452,10.0452,230439.78464005
1995-07-12,10.0746,10.0746,9.98235,10.0746,10.0746,382809.95414087
1995-07-13,10.0266,10.16,9.89417,9.89417,9.89417,565282.65477006
1995-07-14,9.91085,9.98235,9.84707,9.86763,9.86763,83237.418515453
1995-07-17,9.84707,9.98235,9.71268,9.73426,9.73426,245018.51580596
1995-07-18,9.79704,9.79704,9.57535,9.6195,9.6195,167892.94997159
1995-07-19,9.57535,9.57535,9.4449,9.57535,9.57535,110515.95766272
1995-07-20,9.6195,9.66265,9.48511,9.64697,9.64697,78534.503349838
1995-07-21,9.66265,9.66265,9.53024,9.53024,9.53024,145317.32598992
1995-07-24,9.6195,9.6195,9.48511,9.53024,9.53024,489567.04594286
1995-07-25,9.6195,9.66265,9.53024,9.66265,9.66265,323555.05813917
1995-07-26,9.66265,9.75192,9.57535,9.71268,9.71268,494267.92212509
1995-07-27,9.71268,9.84707,9.69013,9.84707,9.84707,518254.5226056
1995-07-28,9.71268,9.93824,9.71268,9.84707,9.84707,253954.36046813
1995-07-31,9.79704,9.93824,9.75192,9.75192,9.75192,175415.77915153
1995-08-01,9.84707,9.89417,9.75192,9.75192,9.75192,97350.241979058
1995-08-02,9.75192,9.79704,9.57535,9.59988,9.59988,320736.16361654
1995-08-03,9.53024,9.6195,9.53024,9.57535,9.57535,590206.1681136
1995-08-04,9.57535,9.6195,9.53024,9.57535,9.57535,96411.290132638
1995-08-07,9.53024,9.6195,9.53024,9.6195,9.6195,88411.338841812
1995-08-08,9.6195,9.6195,9.3939,9.53024,9.53024,120862.77882375
1995-08-09,9.48511,9.57535,9.4449,9.53024,9.53024,138266.52146243
1995-08-10,9.4449,9.57535,9.4449,9.4449,9.4449,260064.17416584
1995-08-11,9.4449,9.53024,9.31003,9.35957,9.35957,222915.93596842
1995-08-14,9.3939,9.53024,9.35271,9.53024,9.53024,251133.4269621
1995-08-15,9.48511,9.53024,9.3939,9.53024,9.53024,259122.16384435
1995-08-16,9.53024,9.57535,9.4449,9.53024,9.53024,433605.1080996
1995-08-17,9.4449,9.57535,9.4449,9.53024,9.53024,152842.19415326
1995-08-18,9.57535,9.57535,9.4449,9.53024,9.53024,291108.71561568
1995-08-21,9.4449,9.6195,9.4449,9.6195,9.6195,185292.61464351
1995-08-22,9.6195,9.6195,9.48511,9.57535,9.57535,269004.09679478
1995-08-23,9.6195,9.6195,9.48511,9.48511,9.48511,115688.85849739
1995-08-24,9.48511,9.6195,9.48511,9.53024,9.53024,348949.57664346
1995-08-25,9.48511,9.57535,9.35271,9.3939,9.3939,346130.68212083
1995-08-28,9.3939,9.48511,9.35271,9.4449,9.4449,157077.1626332
1995-08-29,9.35271,9.4449,9.26531,9.35271,9.35271,383279.93980994
1995-08-30,9.31003,9.3939,9.28178,9.28178,9.28178,1344068.2787355
1995-08-31,9.35271,9.48511,9.26531,9.3939,9.3939,766562.93809493
1995-09-01,9.48511,9.48511,9.35271,9.45962,9.45962,278876.85431998
1995-09-05,9.3939,9.53024,9.3939,9.48511,9.48511,444888.84212367
1995-09-06,9.53024,9.57535,9.4449,9.53024,9.53024,361180.41844748
1995-09-07,9.53024,9.53024,9.4449,9.4449,9.4449,402096.69793085
1995-09-08,9.53024,9.53024,9.4449,9.53024,9.53024,141552.34317905
1995-09-11,9.53024,9.57535,9.48511,9.57535,9.57535,384222.96962311
1995-09-12,9.57535,9.57535,9.48511,9.57535,9.57535,427489.17745176
1995-09-13,9.64206,9.64206,9.49689,9.55182,9.55182,681912.50409725
1995-09-14,9.59203,9.8196,9.55182,9.72838,9.72838,791958.47609092
1995-09-15,9.68326,9.8196,9.68326,9.70385,9.70385,611837.74279039
1995-09-18,9.8196,9.8196,9.59203,9.68326,9.68326,123217.80462747
1995-09-19,9.68326,9.72838,9.55182,9.68326,9.68326,257717.30429563
1995-09-20,9.72838,9.72838,9.64206,9.72838,9.72838,209275.13715725
1995-09-21,9.72838,9.77252,9.64206,9.75192,9.75192,345656.61848501
1995-09-22,9.64206,9.77252,9.55182,9.64206,9.64206,362117.33131051
1995-09-25,9.68326,9.77252,9.64206,9.75192,9.75192,147200.32714123
1995-09-26,9.77252,9.77252,9.65873,9.72838,9.72838,230439.78464005
1995-09-27,9.64206,9.72838,9.64206,9.70385,9.70385,372935.15763229
1995-09-28,9.68326,9.91085,9.68326,9.85982,9.85982,320736.16361654
1995-09-29,9.85982,9.91085,9.83333,9.88825,9.88825,301450.43931827
1995-10-02,9.88825,9.88825,9.84707,9.88825,9.88825,329668.94980364
1995-10-03,10.001,10.0452,9.88825,10.0452,10.0452,153788.2824415
1995-10-04,10.0217,10.0452,9.96089,10.0452,10.0452,175888.82329566
1995-10-05,9.91085,10.1373,9.91085,10.1373,10.1373,262882.04919678
1995-10-06,10.1373,10.4552,10.0452,10.3208,10.3208,607140.94457491
1995-10-09,10.2757,10.2757,10.2276,10.2757,10.2757,54087.092625485
1995-10-10,10.1806,10.2757,10.1373,10.1806,10.1806,65368.787666173
1995-10-11,10.1806,10.8172,10.1806,10.5906,10.5906,691318.33442848
1995-10-12,10.5405,10.7309,10.5405,10.6809,10.6809,1096231.8878986
1995-10-13,10.6809,10.776,10.6445,10.776,10.776,199398.30166529
1995-10-16,10.776,10.8172,10.6809,10.8172,10.8172,41850.133871339
1995-10-17,10.8643,11.0497,10.776,10.9525,10.9525,257717.30429563
1995-10-18,11.0045,11.2527,11.0045,11.0938,11.0938,330141.99394777
1995-10-19,11.1849,11.1849,11.0045,11.0497,11.0497,198931.37447129
1995-10-20,11.0497,11.1849,11.0497,11.0938,11.0938,180588.6799862
1995-10-23,11.0497,11.1595,11.0045,11.1399,11.1399,378581.10261108
1995-10-24,11.0497,11.1849,11.0497,11.0634,11.0634,196577.36815927
1995-10-25,11.0634,11.1399,11.0045,11.0045,11.0045,851684.37725337
1995-10-26,11.0045,11.0045,10.6809,10.8172,10.8172,352244.57378529
1995-10-27,10.8172,11.2722,10.7309,11.1399,11.1399,709661.02891357
1995-10-30,11.1399,11.3193,11.1399,11.3193,11.3193,110515.95766272
1995-10-31,11.2722,11.3193,11.1849,11.1849,11.1849,379994.1180933
1995-11-01,11.2722,11.4125,11.1849,11.4125,11.4125,114748.88715928
1995-11-02,11.2722,11.5332,11.2722,11.4125,11.4125,72427.748127199
1995-11-03,11.4528,11.5459,11.4528,11.5264,11.5264,158011.01702116
1995-11-06,11.4528,11.5459,11.4528,11.5459,11.5459,50791.075991964
1995-11-07,11.4528,11.4528,11.3193,11.3193,11.3193,42794.183176208
1995-11-08,11.3193,11.5861,11.3193,11.5018,11.5018,600087.08157233
1995-11-09,11.5018,11.5459,11.4125,11.4528,11.4528,57845.958486231
1995-11-10,11.5018,11.5018,11.4125,11.4342,11.4342,478754.31707953
1995-11-13,11.4342,11.5018,11.4342,11.4342,11.4342,35271.353996266
1995-11-14,11.4125,11.5018,11.4125,11.5018,11.5018,57845.958486231
1995-11-15,11.4125,11.5459,11.4125,11.5459,11.5459,120396.87112145
1995-11-16,11.4125,11.5861,11.4125,11.4528,11.4528,45618.175157294
1995-11-17,11.4528,11.5861,11.4528,11.5861,11.5861,814535.11956426
1995-11-20,11.5861,11.6833,11.5018,11.5264,11.5264,125093.66933693
1995-11-21,11.6343,11.6343,11.5018,11.6343,11.6343,62545.815176776
1995-11-22,11.5018,11.6343,11.4528,11.4528,11.4528,83237.418515453
1995-11-24,11.5459,11.5459,11.4528,11.5459,11.5459,2818.8945226371
1995-11-27,11.4528,11.5459,11.1849,11.2527,11.2527,523426.40394858
1995-11-28,11.1849,11.3675,11.1399,11.1909,11.1909,457586.61112166
1995-11-29,11.1399,11.2722,11.1399,11.1536,11.1536,1409911.1300374
1995-11-30,11.2722,11.2722,11.1399,11.2722,11.2722,129802.70145268
1995-12-01,11.2722,11.2722,11.1399,11.2252,11.2252,106753.01383522
1995-12-04,11.2252,11.2722,11.1399,11.2722,11.2722,248782.47912515
1995-12-05,11.2722,11.3675,11.1399,11.3675,11.3675,463699.48329444
1995-12-06,11.4125,11.8215,11.3675,11.7931,11.7931,489567.04594286
1995-12-07,11.7265,11.8215,11.6833,11.7265,11.7265,323555.05813917
1995-12-08,11.7265,11.8215,11.7265,11.749,11.749,195638.41631285
1995-12-11,11.8215,11.8215,11.7265,11.7265,11.7265,123217.80462747
1995-12-12,11.8215,11.9079,11.7265,11.7745,11.7745,80882.392711731
1995-12-13,11.8805,11.9745,11.8805,11.9745,11.9745,45618.175157294
1995-12-14,11.9304,11.9745,11.8382,11.9745,11.9745,316032.22895923
1995-12-15,11.9745,12.205,11.8382,12.205,12.205,302390.41065638
1995-12-18,12.205,12.205,12.0188,12.1551,12.1551,154721.11733779
1995-12-19,12.0619,12.1551,12.0188,12.0619,12.0619,77596.570995109
1995-12-20,12.0188,12.111,11.9745,11.9745,11.9745,66310.797987661
1995-12-21,12.0619,12.0619,11.8805,11.9962,11.9962,100174.23396014
1995-12-22,11.8805,12.0188,11.8382,11.8382,11.8382,84647.375522617
1995-12-26,11.8805,11.9745,11.8382,11.9745,11.9745,63019.878812591
1995-12-27,11.8805,11.9745,11.8382,11.8588,11.8588,32920.406159304
1995-12-28,11.8382,11.9304,11.8382,11.8805,11.8805,221974.94513863
1995-12-29,11.7872,11.9304,11.5606,11.9304,11.9304,503671.71347294
1996-01-02,11.8382,12.0619,11.7872,12.0188,12.0188,446765.72632482
1996-01-03,12.0619,12.2522,11.9304,12.2522,12.2522,415731.37979187
1996-01-04,12.111,12.2522,11.9304,11.9962,11.9962,210213.06951199
1996-01-05,11.9745,11.9745,11.7872,11.8382,11.8382,207868.23862516
1996-01-08,12.0188,12.0188,11.8382,11.9745,11.9745,16931.717986241
1996-01-09,11.8382,11.9745,11.6077,11.7421,11.7421,107222.99950427
1996-01-10,11.5136,11.5136,11.4263,11.5136,11.5136,110050.04996043
1996-01-11,11.4263,11.5136,11.3341,11.3341,11.3341,111926.93416158
1996-01-12,11.4676,11.4676,11.1909,11.238,11.238,208806.17097988
1996-01-15,11.2879,11.2879,11.1055,11.238,11.238,84647.375522617
1996-01-16,11.3341,11.3802,11.1909,11.2311,11.2311,243605.50032372
1996-01-17,11.2203,11.3341,11.1909,11.3341,11.3341,127912.56385957
1996-01-18,11.238,11.3341,11.238,11.2879,11.2879,301927.56142915
1996-01-19,11.3341,11.3341,11.1909,11.2879,11.2879,160837.04798563
1996-01-22,11.1909,11.3341,11.1909,11.3341,11.3341,142965.35866128
1996-01-23,11.3341,11.3341,11.1909,11.1909,11.1909,229498.79381026
1996-01-24,11.3341,11.3341,11.1055,11.238,11.238,247373.54160967
1996-01-25,11.238,11.238,11.1055,11.238,11.238,54087.092625485
1996-01-26,11.238,11.238,11.0574,11.0574,11.0574,225734.83049106
1996-01-29,11.1536,11.1536,11.0123,11.1055,11.1055,196577.36815927
1996-01-30,11.0123,11.1909,11.0123,11.1055,11.1055,157077.1626332
1996-01-31,11.1909,11.5136,11.1055,11.4676,11.4676,463699.48329444
1996-02-01,11.4676,11.6077,11.3802,11.5401,11.5401,315090.21863774
1996-02-02,11.6077,11.6548,11.3802,11.44,11.44,243133.47567128
1996-02-05,11.497,11.6548,11.3341,11.6548,11.6548,188584.55331027
1996-02-06,11.5136,11.7019,11.5136,11.7019,11.7019,236079.61266871
1996-02-07,11.7019,11.7019,11.5136,11.6548,11.6548,188584.55331027
1996-02-08,11.6548,11.6548,11.4676,11.6077,11.6077,361648.36513314
1996-02-09,11.6077,11.6548,11.4676,11.5401,11.5401,202691.25982373
1996-02-12,11.4676,11.6077,11.4676,11.6077,11.6077,230439.78464005
1996-02-13,11.5606,11.6077,11.4676,11.5401,11.5401,410554.40099045
1996-02-14,11.4676,11.6077,11.4676,11.6077,11.6077,99228.145671895
1996-02-15,11.6077,11.6077,11.4263,11.4263,11.4263,430778.05764345
1996-02-16,11.4263,11.5606,11.4263,11.4263,11.4263,188111.50916614
1996-02-20,11.5136,11.6077,11.497,11.5136,11.5136,193756.43465324
1996-02-21,11.6077,11.8805,11.5606,11.8382,11.8382,332490.90280135
1996-02-22,11.8382,11.8805,11.7019,11.7872,11.7872,85592.444319176
1996-02-23,11.7872,12.0188,11.7872,11.9745,11.9745,603376.98125572
1996-02-26,12.0188,12.1551,11.9745,12.0188,12.0188,350834.61677813
1996-02-27,12.0619,12.0619,11.8805,11.9745,11.9745,371053.17597268
1996-02-28,11.9304,12.0619,11.9304,11.9962,11.9962,563403.73158552
1996-02-29,11.9745,12.0619,11.9304,11.9304,11.9304,205046.28562745
1996-03-01,11.9304,12.0619,11.9304,11.9745,11.9745,170710.82500254
1996-03-04,12.0619,12.1551,11.9745,12.1551,12.1551,176357.78947302
1996-03-05,12.1551,12.1551,12.0188,12.0619,12.0619,115218.87282834
1996-03-06,12.1551,12.205,12.0619,12.111,12.111,102521.10383035
1996-03-07,12.111,12.205,12.0619,12.205,12.205,253012.35014664
1996-03-08,12.0619,12.0619,11.7019,11.7872,11.7872,258184.23148962
1996-03-11,11.6077,11.8382,11.6077,11.7019,11.7019,132151.61030626
1996-03-12,11.6548,11.8382,11.6548,11.8382,11.8382,125563.65500599
1996-03-13,11.3988,11.489,11.2134,11.489,11.489,247837.41032859
1996-03-14,11.5861,11.6764,11.3988,11.5332,11.5332,281701.86579277
1996-03-15,11.6764,11.6764,11.489,11.489,11.489,171182.84965497
1996-03-18,11.489,11.6764,11.489,11.5606,11.5606,258184.23148962
1996-03-19,11.489,11.6764,11.489,11.647,11.647,73832.607675913
1996-03-20,11.6764,11.7205,11.5332,11.7205,11.7205,121333.7839845
1996-03-21,11.5861,11.8755,11.5861,11.8137,11.8137,325436.02030708
1996-03-22,11.9501,11.9501,11.6764,11.7205,11.7205,125093.66933693
1996-03-25,11.8137,11.8588,11.6764,11.8137,11.8137,121333.7839845
1996-03-26,11.8588,11.8588,11.5861,11.5861,11.5861,174946.81297416
1996-03-27,11.6764,11.7205,11.5861,11.647,11.647,91234.31133121
1996-03-28,11.6764,11.6764,11.5861,11.6273,11.6273,298632.56428732
1996-03-29,11.6764,11.6764,11.5861,11.647,11.647,142965.35866128
1996-04-01,11.6764,11.6764,11.5861,11.647,11.647,59251.837526635
1996-04-02,11.7205,11.7205,11.5861,11.6764,11.6764,180588.6799862
1996-04-03,11.5861,11.6764,11.4459,11.5332,11.5332,71013.713153277
1996-04-04,11.3988,11.5332,11.3056,11.3056,11.3056,97350.241979058
1996-04-08,11.3056,11.3988,11.1732,11.1732,11.1732,86060.39100485
1996-04-09,11.3056,11.3056,11.0711,11.2134,11.2134,179651.76712315
1996-04-10,11.2595,11.2595,11.0711,11.2134,11.2134,177297.76081113
1996-04-11,11.2595,11.2595,11.1732,11.2595,11.2595,90763.306170464
1996-04-12,11.3518,11.4459,11.1732,11.3263,11.3263,204575.28046671
1996-04-15,11.3988,11.5332,11.3988,11.5136,11.5136,59733.037604279
1996-04-16,11.5861,11.5861,11.3988,11.4459,11.4459,201287.4197667
1996-04-17,11.4459,11.5861,11.4459,11.4459,11.4459,168833.94080139
1996-04-18,11.5861,11.5861,11.2595,11.2595,11.2595,155196.20046528
1996-04-19,11.3518,11.3518,11.031,11.1732,11.1732,113336.89116874
1996-04-22,11.1732,11.1732,11.031,11.1732,11.1732,122277.83328936
1996-04-23,11.031,11.1732,10.9594,11.031,11.031,157077.1626332
1996-04-24,10.9848,11.1732,10.9848,11.1732,11.1732,243133.47567128
1996-04-25,11.031,11.1732,10.8976,11.031,11.031,179181.78145411
1996-04-26,11.031,11.031,10.8976,11.031,11.031,113807.89632948
1996-04-29,10.8976,11.031,10.8436,10.8436,10.8436,67252.80830915
1996-04-30,10.9368,10.9368,10.8436,10.8436,10.8436,188111.50916614
1996-05-01,10.9368,10.9848,10.8436,10.9848,10.9848,147200.32714123
1996-05-02,11.031,11.031,10.8436,10.8436,10.8436,165068.9579905
1996-05-03,10.9368,10.9848,10.8436,10.8436,10.8436,99703.228799399
1996-05-06,10.9368,10.9368,10.5719,10.5964,10.5964,205512.19332975
1996-05-07,10.6612,10.7093,10.5719,10.618,10.618,363532.38577612
1996-05-08,10.7093,10.9848,10.5719,10.8976,10.8976,840870.62889835
1996-05-09,10.9848,10.9848,10.8436,10.8436,10.8436,118515.90895355
1996-05-10,10.9848,10.9848,10.8436,10.8436,10.8436,134972.54381229
1996-05-13,10.8436,10.9368,10.7975,10.7975,10.7975,349891.58696495
1996-05-14,10.8976,10.8976,10.7975,10.8976,10.8976,155664.14715096
1996-05-15,10.7583,10.8436,10.5719,10.5719,10.5719,228559.84196384
1996-05-16,10.618,10.7093,10.5239,10.7093,10.7093,750108.34221958
1996-05-17,10.7583,10.8436,10.618,10.8436,10.8436,197048.37332001
1996-05-20,10.8976,10.8976,10.7583,10.7583,10.7583,843688.5039293
1996-05-21,10.8976,10.9368,10.7583,10.8436,10.8436,453826.72576923
1996-05-22,10.9368,11.031,10.8436,10.8976,10.8976,619362.61095371
1996-05-23,10.9172,11.031,10.8976,10.9594,10.9594,84179.428836942
1996-05-24,10.8976,11.031,10.8976,10.9848,10.9848,310861.36710794
1996-05-28,10.9848,10.9848,10.8976,10.8976,10.8976,311797.26047929
1996-05-29,10.9594,11.031,10.8976,10.9368,10.9368,477340.28210561
1996-05-30,10.9848,11.031,10.9368,11.031,11.031,222915.93596842
1996-05-31,10.9368,11.031,10.9368,10.9368,10.9368,159428.11047016
1996-06-03,11.0711,11.2134,10.9368,11.0711,11.0711,394569.79078414
1996-06-04,11.0711,11.2595,11.0711,11.2134,11.2134,277470.97527958
1996-06-05,11.1261,11.238,11.0711,11.0711,11.0711,270416.09278532
1996-06-06,11.0711,11.1732,11.031,11.0497,11.0497,140145.44464696
1996-06-07,10.9848,11.031,10.7975,10.8976,10.8976,89351.310179921
1996-06-10,10.9368,11.0711,10.8241,11.0123,11.0123,255363.2979836
1996-06-11,11.0711,11.0711,10.9594,10.9848,10.9848,122277.83328936
1996-06-12,11.031,11.1448,11.031,11.0497,11.0497,192814.42433175
1996-06-13,11.031,11.1448,11.031,11.031,11.031,35271.353996266
1996-06-14,11.1448,11.1448,11.031,11.031,11.031,61132.799694542
1996-06-17,11.031,11.1448,11.0045,11.031,11.031,87940.333681069
1996-06-18,11.1015,11.1015,10.9594,11.1015,11.1015,23046.6291424
1996-06-19,10.9594,11.1015,10.871,11.0045,11.0045,50791.075991964
1996-06-20,10.9172,10.9368,10.7309,10.7309,10.7309,179651.76712315
1996-06-21,10.8172,10.9172,10.7309,10.9172,10.9172,150489.20733291
1996-06-24,10.8172,10.9172,10.8172,10.8172,10.8172,81360.534314306
1996-06-25,10.9172,10.9594,10.8172,10.871,10.871,147668.2738269
1996-06-26,10.9172,10.9594,10.7309,10.7309,10.7309,70544.746975912
1996-06-27,10.871,10.871,10.7309,10.871,10.871,58782.871349271
1996-06-28,10.7309,10.871,10.5906,10.618,10.618,365883.33361308
1996-07-01,10.7309,10.7309,10.5906,10.7309,10.7309,66310.797987661
1996-07-02,10.6809,10.7309,10.5906,10.6809,10.6809,67719.735503136
1996-07-03,10.6809,10.6809,10.5906,10.6396,10.6396,81827.46150829
1996-07-05,10.6396,10.6396,10.4484,10.5023,10.5023,30569.458322342
1996-07-08,10.4484,10.5906,10.4484,10.517,10.517,116158.84416645
1996-07-09,10.5906,10.6396,10.4484,10.6396,10.6396,227613.75367559
1996-07-10,10.6396,10.6396,10.4484,10.5405,10.5405,343306.69013974
1996-07-11,10.5023,10.5405,10.4042,10.4484,10.4484,278408.90763432
1996-07-12,10.5405,10.5906,10.4042,10.5906,10.5906,115688.85849739
1996-07-15,10.4277,10.5719,10.4042,10.5405,10.5405,165068.9579905
1996-07-16,10.5405,10.5405,10.4042,10.4484,10.4484,96878.217326624
1996-07-17,10.5906,10.5906,10.5023,10.5906,10.5906,116629.84932719
1996-07-18,10.5906,10.871,10.5023,10.871,10.871,345656.61848501
1996-07-19,10.6809,10.9172,10.6809,10.8839,10.8839,219618.89984322
1996-07-22,10.8172,10.9172,10.8172,10.8172,10.8172,149555.35294494
1996-07-23,10.8172,10.9172,10.6396,10.6553,10.6553,208335.16581914
1996-07-24,10.5906,10.776,10.5906,10.6809,10.6809,94997.255158715
1996-07-25,10.5906,10.7309,10.5405,10.6809,10.6809,119451.8023249
1996-07-26,10.5405,10.6809,10.4042,10.4484,10.4484,197989.3641498
1996-07-29,10.5405,10.5405,10.3631,10.3631,10.3631,107692.98517333
1996-07-30,10.3631,10.5023,10.1737,10.264,10.264,173536.855967
1996-07-31,10.315,10.3631,10.2218,10.315,10.315,570458.61407979
1996-08-01,10.3631,10.4484,10.2218,10.4484,10.4484,243605.50032372
1996-08-02,10.5023,10.6396,10.4042,10.6396,10.6396,244551.58861196
1996-08-05,10.6396,10.7309,10.5023,10.7043,10.7043,288280.64566784
1996-08-06,10.7043,10.776,10.5906,10.7583,10.7583,152842.19415326
1996-08-07,10.776,10.8172,10.6809,10.6809,10.6809,182938.60833148
1996-08-08,10.6809,10.8172,10.6396,10.6396,10.6396,82299.486160725
1996-08-09,10.7309,10.776,10.6809,10.6809,10.6809,89827.412799115
1996-08-12,10.6809,10.7583,10.5023,10.5405,10.5405,77596.570995109
1996-08-13,10.6396,10.6396,10.4484,10.4484,10.4484,34805.446293972
1996-08-14,10.5906,10.5906,10.4484,10.5023,10.5023,54087.092625485
1996-08-15,10.5405,10.5906,10.4484,10.5906,10.5906,45148.189488241
1996-08-16,10.4484,10.5906,10.4484,10.4484,10.4484,265239.11398389
1996-08-19,10.5023,10.5405,10.2218,10.315,10.315,271819.93284235
1996-08-20,10.315,10.315,9.94718,10.2218,10.2218,798543.37291612
1996-08-21,10.0786,10.315,10.0786,10.1737,10.1737,297217.50982171
1996-08-22,10.315,10.4484,10.1737,10.4484,10.4484,206923.1698286
1996-08-23,10.4484,10.4484,10.264,10.264,10.264,149555.35294494
1996-08-26,10.3631,10.3631,10.2218,10.2218,10.2218,506025.71978497
1996-08-27,10.2218,10.3631,10.2218,10.3631,10.3631,293927.61013832
1996-08-28,10.315,10.315,10.1089,10.2218,10.2218,194699.46446643
1996-08-29,10.2218,10.264,10.1089,10.2218,10.2218,162719.02964523
1996-08-30,10.2218,10.315,10.0344,10.0344,10.0344,688969.4255749
1996-09-03,10.0344,10.1296,9.98732,10.1296,10.1296,345656.61848501
1996-09-04,10.0344,10.1737,10.0157,10.1296,10.1296,169303.92647044
1996-09-05,10.0786,10.0786,9.84707,9.98732,9.98732,251133.4269621
1996-09-06,9.98732,10.2218,9.89417,10.2218,10.2218,151902.22281515
1996-09-09,10.2218,10.264,10.1089,10.264,10.264,192814.42433175
1996-09-10,10.2218,10.5405,10.2218,10.5405,10.5405,210213.06951199
1996-09-11,10.5405,10.618,10.517,10.618,10.618,485331.05797122
1996-09-12,10.618,10.7583,10.517,10.6553,10.6553,159897.07664752
1996-09-13,10.7975,10.8976,10.6553,10.7043,10.7043,266651.10997443
1996-09-16,10.7043,10.8436,10.7043,10.7043,10.7043,186234.62496499
1996-09-17,10.8436,10.8976,10.7583,10.7583,10.7583,667801.71961702
1996-09-18,10.7043,10.8976,10.7043,10.871,10.871,363053.22468186
1996-09-19,10.8976,10.8976,10.7583,10.7583,10.7583,141085.41598506
1996-09-20,10.8976,10.8976,10.7043,10.7975,10.7975,196109.42147359
1996-09-23,10.7043,10.8436,10.7043,10.8436,10.8436,71955.723474765
1996-09-24,10.8436,10.8436,10.618,10.7309,10.7309,303333.44046955
1996-09-25,10.776,10.776,10.618,10.618,10.618,142965.35866128
1996-09-26,10.618,10.8436,10.618,10.7043,10.7043,261476.17015638
1996-09-27,10.7043,10.8436,10.618,10.7975,10.7975,244551.58861196
1996-09-30,10.7043,10.7975,10.6553,10.6553,10.6553,202224.33262974
1996-10-01,10.7975,10.7975,10.6553,10.7975,10.7975,679085.45364109
1996-10-02,10.7975,10.7975,10.618,10.618,10.618,305214.40263746
1996-10-03,10.618,10.7583,10.4277,10.5632,10.5632,152842.19415326
1996-10-04,10.6553,10.7043,10.5632,10.7043,10.7043,389396.88994947
1996-10-07,10.7043,10.7975,10.618,10.7309,10.7309,450533.76761078
1996-10-08,10.7975,10.7975,10.6553,10.7583,10.7583,475927.26662337
1996-10-09,10.7975,10.7975,10.7043,10.7975,10.7975,107222.99950427
1996-10-10,10.7043,10.7975,10.7043,10.7583,10.7583,96411.290132638
1996-10-11,10.7975,10.7975,10.7043,10.7975,10.7975,337195.85695034
1996-10-14,10.7043,10.7975,10.618,10.618,10.618,64897.782505429
1996-10-15,10.7583,10.7583,10.517,10.517,10.517,192347.49713777
1996-10-16,10.6553,10.6553,10.4277,10.4768,10.4768,184347.54584695
1996-10-17,10.517,10.7043,10.4484,10.618,10.618,476397.25229243
1996-10-18,10.618,10.7309,10.5405,10.618,10.618,382337.92948844
1996-10-21,10.6553,10.6553,10.5405,10.5632,10.5632,286398.66400824
1996-10-22,10.6553,10.6553,10.4768,10.5405,10.5405,463231.53660876
1996-10-23,10.618,10.618,10.3826,10.3826,10.3826,210213.06951199
1996-10-24,10.4768,10.4768,10.052,10.1089,10.1089,2219744.3539279
1996-10-25,10.1089,10.4768,10.1089,10.4768,10.4768,405857.60277497
1996-10-28,10.3631,10.7043,10.3631,10.6553,10.6553,410087.47379645
1996-10-29,10.5906,10.6809,10.5632,10.618,10.618,456175.6346228
1996-10-30,10.6809,10.6809,10.618,10.6809,10.6809,680027.46396258
1996-10-31,10.618,10.7043,10.618,10.7043,10.7043,221974.94513863
1996-11-01,10.618,10.7043,10.618,10.6553,10.6553,339073.76064318
1996-11-04,10.6396,10.7583,10.6396,10.6553,10.6553,87004.440309719
1996-11-05,10.7583,10.7583,10.6553,10.7583,10.7583,170710.82500254
1996-11-06,10.7583,10.8976,10.6553,10.7583,10.7583,312742.32927585
1996-11-07,10.8436,11.031,10.7583,10.9848,10.9848,285461.7511452
1996-11-08,10.9848,10.9848,10.8436,10.8436,10.8436,193288.48796758
1996-11-11,10.9663,10.9663,10.8436,10.8436,10.8436,307097.40378875
1996-11-12,10.8436,10.8976,10.7975,10.8976,10.8976,162719.02964523
1996-11-13,10.8976,10.9368,10.7975,10.9368,10.9368,182000.67597674
1996-11-14,10.8436,10.9848,10.8436,10.9368,10.9368,566690.57279384
1996-11-15,10.93,10.9368,10.8976,10.9368,10.9368,223852.84883146
1996-11-18,10.9368,11.0123,10.8976,11.0123,11.0123,284053.83312142
1996-11-19,10.9848,11.0123,10.9368,10.9751,10.9751,293927.61013832
1996-11-20,11.0123,11.0123,10.8976,10.9848,10.9848,255837.36161942
1996-11-21,11.031,11.1261,10.9368,11.1015,11.1015,1242493.2631934
1996-11-22,11.1261,11.3125,11.0801,11.2645,11.2645,1545353.6595188
1996-11-25,11.2203,11.3596,11.1261,11.1909,11.1909,694142.32640957
1996-11-26,11.2645,11.3596,10.8976,11.1732,11.1732,870027.07173846
1996-11-27,11.2939,11.3596,11.1732,11.1909,11.1909,205046.28562745
1996-11-29,11.3125,11.3125,11.0801,11.2203,11.2203,207868.23862516
1996-12-02,11.2203,11.3341,11.1536,11.2939,11.2939,251133.4269621
1996-12-03,11.3341,11.3341,11.1732,11.1732,11.1732,1203927.9315469
1996-12-04,11.1732,11.3125,11.1261,11.1909,11.1909,1355824.037412
1996-12-05,11.2645,11.2645,11.0801,11.2203,11.2203,124154.71749051
1996-12-06,10.9368,11.3125,10.9368,11.238,11.238,224329.97094234
1996-12-09,11.1909,11.5459,11.1732,11.3596,11.3596,949038.69719919
1996-12-10,11.5459,11.5459,11.3596,11.4528,11.4528,337195.85695034
1996-12-11,11.5194,11.5194,11.3125,11.3341,11.3341,242196.56280825
1996-12-12,11.497,11.7078,11.4263,11.6891,11.6891,618423.65910729
1996-12-13,11.5686,11.801,11.5686,11.7745,11.7745,608544.78463193
1996-12-16,11.801,11.801,11.6146,11.6146,11.6146,149081.28930913
1996-12-17,11.6146,11.801,11.6146,11.6637,11.6637,404917.63143685
1996-12-18,11.801,11.801,11.6637,11.7568,11.7568,109578.025308
1996-12-19,11.7568,11.7568,11.6146,11.7265,11.7265,286398.66400824
1996-12-20,11.852,11.9441,11.6637,11.852,11.852,351301.54397212
1996-12-23,11.852,11.9883,11.852,11.8942,11.8942,1757925.8328013
1996-12-24,11.9883,12.0099,11.8942,12.0099,12.0099,22104.618820911
1996-12-26,11.8942,12.0099,11.8942,11.9147,11.9147,86060.39100485
1996-12-27,12.0099,12.0099,11.8697,11.9147,11.9147,117570.84015699
1996-12-30,12.0099,12.2267,11.8697,12.212,12.212,415731.37979187
1996-12-31,12.0806,12.264,12.0806,12.1492,12.1492,589264.15779212
1997-01-02,12.1276,12.264,12.0383,12.2267,12.2267,803716.2737508
1997-01-03,12.1746,12.4051,12.1746,12.4051,12.4051,800897.37922816
1997-01-06,12.2904,12.5052,12.2904,12.3159,12.3159,356007.51761281
1997-01-07,12.3159,12.4051,12.0806,12.1276,12.1276,354595.52162226
1997-01-08,12.2267,12.2267,11.9441,12.0383,12.0383,321670.01800451
1997-01-09,11.9441,12.0383,11.8942,12.0383,12.0383,140145.44464696
1997-01-10,11.8942,11.9441,11.7568,11.801,11.801,182471.6811375
1997-01-13,11.8942,11.8942,11.7568,11.852,11.852,338132.76981338
1997-01-14,11.852,11.852,11.801,11.852,11.852,384692.95529216
1997-01-15,11.852,11.852,11.7568,11.7745,11.7745,189522.48566499
1997-01-16,11.7745,12.0383,11.7745,11.8942,11.8942,211158.13830854
1997-01-17,12.0383,12.0383,11.8942,11.8942,11.8942,100174.23396014
1997-01-20,11.8942,12.0383,11.8942,12.0099,12.0099,129802.70145268
1997-01-21,12.0383,12.0383,11.8304,11.9441,11.9441,159428.11047016
1997-01-22,11.9441,11.9441,11.852,11.9147,11.9147,596321.07926977
1997-01-23,11.9441,11.9883,11.8697,11.8697,11.8697,276055.92081397
1997-01-24,11.8697,11.8942,11.801,11.801,11.801,46556.107512024
1997-01-27,11.8697,11.8942,11.6146,11.6146,11.6146,132617.51800856
1997-01-28,11.6146,11.7078,11.6146,11.6343,11.6343,166010.96831199
1997-01-29,11.6343,11.7078,11.6343,11.6891,11.6891,156604.11848907
1997-01-30,11.6637,11.8304,11.6637,11.6637,11.6637,835224.68391955
1997-01-31,11.6637,11.7745,11.6637,11.7078,11.7078,575626.41745601
1997-02-03,11.7265,11.7265,11.6891,11.6891,11.6891,393626.76097096
1997-02-04,11.7745,11.8304,11.7078,11.8304,11.8304,143435.34433034
1997-02-05,11.852,12.0099,11.7078,11.9147,11.9147,899653.50024762
1997-02-06,11.9147,11.9883,11.8697,11.9441,11.9441,184347.54584695
1997-02-07,11.9883,12.0099,11.9147,11.9883,11.9883,283583.84745236
1997-02-10,11.9147,12.0806,11.9147,11.9883,11.9883,531893.28243339
1997-02-11,11.9883,12.1746,11.9883,12.1492,12.1492,498031.88544428
1997-02-12,12.0806,12.1746,12.0806,12.111,12.111,102055.19612805
1997-02-13,12.111,12.4051,12.111,12.367,12.367,253486.41378245
1997-02-14,12.367,12.5052,12.367,12.4582,12.4582,611372.85457979
1997-02-18,12.4051,12.7868,12.4051,12.7662,12.7662,547881.97060645
1997-02-19,12.7868,12.927,12.7387,12.7387,12.7387,925516.98492928
1997-02-20,12.8073,12.8073,12.6671,12.7387,12.7387,199869.30682602
1997-02-21,12.7868,12.7868,12.6671,12.7868,12.7868,767031.9042723
1997-02-24,12.6926,12.9722,12.6926,12.9486,12.9486,153313.199314
1997-02-25,12.9722,13.2046,12.8819,13.0222,13.0222,308503.28282915
1997-02-26,13.086,13.086,12.927,12.9722,12.9722,498972.87627409
1997-02-27,12.927,12.9937,12.8819,12.8819,12.8819,986654.88208227
1997-02-28,12.9722,12.9937,12.8819,12.9486,12.9486,1377462.7485306
1997-03-03,12.927,13.2046,12.9064,13.134,13.134,811711.12758317
1997-03-04,13.2046,13.4832,13.2046,13.4832,13.4832,385160.90197784
1997-03-05,13.3979,13.5842,13.3979,13.5086,13.5086,320266.17794747
1997-03-06,13.4625,13.5086,13.2046,13.3028,13.3028,150959.19300197
1997-03-07,13.2046,13.4155,13.2046,13.3566,13.3566,305680.31033975
1997-03-10,13.443,13.6489,13.3419,13.6489,13.6489,348949.57664346
1997-03-11,13.6244,13.8167,13.6244,13.7274,13.7274,272291.95749478
1997-03-12,13.7961,13.8647,13.5156,13.6087,13.6087,687086.42442361
1997-03-13,13.6087,13.7324,13.086,13.1174,13.1174,863440.13592987
1997-03-14,13.3292,13.7529,13.3085,13.7324,13.7324,465583.50393742
1997-03-17,13.7529,13.7529,13.2547,13.4488,13.4488,499913.86710388
1997-03-18,13.5156,13.544,13.3782,13.4909,13.4909,333431.89363115
1997-03-19,13.4625,13.544,13.1898,13.2821,13.2821,532831.21478811
1997-03-20,13.2821,13.3498,13.1174,13.1291,13.1291,172121.8015014
1997-03-21,13.1174,13.4214,13.1174,13.3292,13.3292,331553.98993831
1997-03-24,13.3292,13.4214,13.235,13.3292,13.3292,88411.338841812
1997-03-25,13.235,13.4625,13.235,13.4488,13.4488,132617.51800856
1997-03-26,13.4214,13.5636,13.4214,13.4214,13.4214,120396.87112145
1997-03-27,13.3782,13.4625,13.0466,13.3292,13.3292,234200.68948418
1997-03-31,13.3292,13.4214,13.1389,13.235,13.235,268061.06698159
1997-04-01,13.2821,13.2821,13.086,13.086,13.086,191405.48681629
1997-04-02,13.086,13.235,12.5229,12.7662,12.7662,499439.80346807
1997-04-03,12.7662,12.8328,12.7112,12.7868,12.7868,151431.2176544
1997-04-04,12.8073,12.8073,12.6269,12.6926,12.6926,403034.63028557
1997-04-07,12.7112,13.3292,12.7112,13.3085,13.3085,377170.12611223
1997-04-08,13.3292,13.5156,13.1389,13.2821,13.2821,1174774.5471819
1997-04-09,13.1389,13.2821,13.1389,13.2821,13.2821,387508.79133973
1997-04-10,13.1898,13.2821,13.1537,13.2547,13.2547,240787.62529277
1997-04-11,13.1614,13.1898,12.7662,13.0016,13.0016,370584.20979532
1997-04-14,12.8819,13.235,12.8555,13.1898,13.1898,368231.22297497
1997-04-15,13.3782,13.3782,12.9486,13.0703,13.0703,364470.31813084
1997-04-16,13.0466,13.086,12.9486,13.0222,13.0222,274174.95864606
1997-04-17,13.1389,13.1389,12.9722,13.086,13.086,253954.36046813
1997-04-18,13.0016,13.1614,12.9722,13.086,13.086,316501.1951366
1997-04-21,13.086,13.1898,12.9486,13.0466,13.0466,226205.8356518
1997-04-22,13.086,13.1898,13.0703,13.1389,13.1389,239841.53700453
1997-04-23,13.1614,13.2821,13.0466,13.1389,13.1389,302863.45480049
1997-04-24,13.1898,13.1898,13.081,13.081,13.081,330141.99394777
1997-04-25,13.0222,13.1174,13.0016,13.0466,13.0466,230912.82878418
1997-04-28,13.0466,13.086,12.927,12.927,12.927,292519.69211454
1997-04-29,12.9486,13.0703,12.8819,13.0703,13.0703,377170.12611223
1997-04-30,13.0466,13.1389,13.0016,13.1389,13.1389,521544.42228898
1997-05-01,13.0703,13.3782,13.0703,13.3782,13.3782,293460.68294434
1997-05-02,13.4214,13.7961,13.3292,13.704,13.704,423253.18948012
1997-05-05,13.7529,13.9648,13.6087,13.9383,13.9383,234200.68948418
1997-05-06,13.8921,13.9648,13.7529,13.853,13.853,219154.01163261
1997-05-07,13.7529,14.1306,13.7529,14.0315,14.0315,530010.2812821
1997-05-08,13.9648,14.0805,13.8921,13.9648,13.9648,621246.63159668
1997-05-09,13.9648,13.9648,13.853,13.9648,13.9648,601967.02424855
1997-05-12,13.9383,14.1306,13.9198,14.1306,14.1306,332960.8884704
1997-05-13,14.1521,14.2953,14.0619,14.2689,14.2689,172595.8651372
1997-05-14,14.314,14.6014,14.2248,14.6014,14.6014,421376.30527898
1997-05-15,14.4082,14.5063,14.2689,14.3679,14.3679,267591.08131254
1997-05-16,14.3679,14.4082,14.2248,14.3876,14.3876,213981.11079794
1997-05-19,14.314,14.8112,14.314,14.7162,14.7162,330610.96012513
1997-05-20,14.7878,14.7878,14.314,14.623,14.623,366349.24131538
1997-05-21,14.5063,14.8112,14.5063,14.6887,14.6887,219618.89984322
1997-05-22,14.6887,14.8829,14.5494,14.8112,14.8112,213981.11079794
1997-05-23,14.93,15.0692,14.8369,15.0692,15.0692,109578.025308
1997-05-27,15.0929,15.2586,14.9976,15.1634,15.1634,141085.41598506
1997-05-28,15.1634,15.1634,14.8829,14.978,14.978,184347.54584695
1997-05-29,14.93,14.978,14.8554,14.9476,14.9476,971610.24321408
1997-05-30,14.7878,14.93,14.6495,14.7446,14.7446,161309.07263806
1997-06-02,14.7446,14.7878,14.574,14.6887,14.6887,139206.49280054
1997-06-03,14.7446,14.7878,14.6681,14.7878,14.7878,50322.109814599
1997-06-04,14.8554,14.8829,14.7623,14.8829,14.8829,89827.412799115
1997-06-05,14.7623,14.93,14.7623,14.93,14.93,46556.107512024
1997-06-06,14.93,14.93,14.7878,14.93,14.93,122277.83328936
1997-06-09,14.7878,14.93,14.7878,14.8112,14.8112,283583.84745236
1997-06-10,14.93,14.93,14.7878,14.8692,14.8692,110050.04996043
1997-06-11,14.8908,15.0104,14.8613,14.8613,14.8613,105819.15944725
1997-06-12,14.9555,15.2204,14.8613,15.2204,15.2204,175888.82329566
1997-06-13,15.2448,15.2448,15.03,15.03,15.03,280289.86980222
1997-06-16,15.03,15.0977,14.9849,15.0104,15.0104,262882.04919678
1997-06-17,15.03,15.2448,14.9849,15.2448,15.2448,257247.31862658
1997-06-18,15.1781,15.292,15.0977,15.292,15.292,194229.47879737
1997-06-19,15.1967,15.4577,15.1967,15.4577,15.4577,231849.74164721
1997-06-20,15.4577,15.6186,15.4312,15.4312,15.4312,212569.1148074
1997-06-23,15.4312,15.6009,15.2448,15.2448,15.2448,225734.83049106
1997-06-24,15.292,15.5245,15.2448,15.5245,15.5245,133092.60113607
1997-06-25,15.5529,15.6186,15.4312,15.5803,15.5803,110050.04996043
1997-06-26,15.5803,15.6009,15.3381,15.5245,15.5245,202691.25982373
1997-06-27,15.6657,15.8628,15.4803,15.6186,15.6186,200811.31714751
1997-06-30,15.6451,15.6451,14.9555,14.9555,14.9555,1029923.1288943
1997-07-01,15.0772,15.5008,14.9555,15.4803,15.4803,383754.00344574
1997-07-02,15.5008,15.7206,15.5008,15.6657,15.6657,172595.8651372
1997-07-03,15.6186,15.8118,15.5803,15.6657,15.6657,122743.74099166
1997-07-07,15.5803,15.8628,15.5803,15.7206,15.7206,309918.33729476
1997-07-08,15.7627,15.7627,15.6942,15.6942,15.6942,237022.64248188
1997-07-09,15.6657,15.7422,15.4312,15.4312,15.4312,250663.44129306
1997-07-10,15.4312,15.6657,15.4312,15.5735,15.5735,216797.9663372
1997-07-11,15.6186,15.6186,15.4803,15.5803,15.5803,278876.85431998
1997-07-14,15.6186,15.6186,15.2635,15.3381,15.3381,455706.66844545
1997-07-15,15.292,15.3861,15.1967,15.2204,15.2204,156604.11848907
1997-07-16,15.3321,15.5245,15.292,15.4125,15.4125,577982.46275142
1997-07-17,15.3861,15.4577,15.3606,15.3734,15.3734,402096.69793085
1997-07-18,15.3184,15.6186,15.1967,15.5529,15.5529,279818.86464147
1997-07-21,15.4577,15.5245,15.4312,15.4951,15.4951,57376.992308866
1997-07-22,15.5245,15.5245,15.3381,15.3381,15.3381,146726.26350541
1997-07-23,15.3381,15.8118,15.3381,15.7843,15.7843,1416025.0217019
1997-07-24,15.6657,15.7843,15.3381,15.5529,15.5529,163657.98149165
1997-07-25,15.5529,15.5529,15.3184,15.4125,15.4125,191876.49197703
1997-07-28,15.3184,15.8628,15.3184,15.8628,15.8628,355534.47346868
1997-07-29,15.8628,15.8628,15.5245,15.5803,15.5803,143435.34433034
1997-07-30,15.6657,15.8118,15.5245,15.7069,15.7069,313680.26163058
1997-07-31,15.6657,15.7627,15.6451,15.6451,15.6451,822056.92925251
1997-08-01,15.6657,15.7627,15.6657,15.7206,15.7206,326374.97215351
1997-08-04,15.6451,15.7206,15.5803,15.5803,15.5803,142500.47045067
1997-08-05,15.5245,15.6451,15.4803,15.6451,15.6451,110515.95766272
1997-08-06,15.5245,15.6451,15.5245,15.6058,15.6058,367758.17883085
1997-08-07,15.6186,15.6451,15.5245,15.5803,15.5803,179651.76712315
1997-08-08,15.3606,15.4312,15.03,15.03,15.03,194699.46446643
1997-08-11,15.0104,15.292,15.0104,15.2586,15.2586,247837.41032859
1997-08-12,15.292,15.4803,15.2635,15.2635,15.2635,225734.83049106
1997-08-13,15.3861,15.4312,15.0977,15.3861,15.3861,332024.99509905
1997-08-14,15.3734,15.3734,15.1242,15.2204,15.2204,80882.392711731
1997-08-15,15.2204,15.2204,15.0104,15.03,15.03,98759.179494531
1997-08-18,15.0104,15.0772,14.8613,14.8613,14.8613,163186.97633091
1997-08-19,14.8613,15.0104,14.8613,14.9555,14.9555,84647.375522617
1997-08-20,15.0104,15.4312,14.9555,15.4185,15.4185,220567.02711485
1997-08-21,15.3184,15.4312,15.1242,15.1242,15.1242,51260.042169328
1997-08-22,15.0104,15.0977,14.6288,14.9162,14.9162,195638.41631285
1997-08-25,14.9162,15.1507,14.8613,15.0555,15.0555,204575.28046671
1997-08-26,15.0104,15.3606,15.0104,15.2448,15.2448,100635.04420399
1997-08-27,15.1967,15.3184,15.1781,15.1781,15.1781,141552.34317905
1997-08-28,15.1781,15.2635,15.0772,15.2448,15.2448,64430.855311444
1997-08-29,15.0555,15.4125,15.0555,15.3861,15.3861,82299.486160725
1997-09-02,15.4312,15.8118,15.292,15.7422,15.7422,357420.53309504
1997-09-03,15.6186,15.6657,15.3184,15.4125,15.4125,397855.61250077
1997-09-04,15.3381,15.4803,15.292,15.292,15.292,74308.710295107
1997-09-05,15.4803,15.4803,15.292,15.4312,15.4312,185292.61464351
1997-09-08,15.4803,15.5803,15.3861,15.3861,15.3861,205046.28562745
1997-09-09,15.4803,15.4803,15.2448,15.2448,15.2448,124154.71749051
1997-09-10,15.3665,15.4881,15.2997,15.4881,15.4881,160837.04798563
1997-09-11,15.3448,15.5312,15.3448,15.5312,15.5312,87940.333681069
1997-09-12,15.444,15.5312,15.2389,15.5126,15.5126,129326.59883349
1997-09-15,15.4185,15.5126,15.3448,15.4185,15.4185,122277.83328936
1997-09-16,15.5312,15.7293,15.392,15.6794,15.6794,534714.2159394
1997-09-17,15.6186,15.7293,15.5607,15.6382,15.6382,336721.79331452
1997-09-18,15.6058,15.7069,15.5607,15.6058,15.6058,201287.4197667
1997-09-19,15.6519,15.7069,15.5126,15.5126,15.5126,310385.26448875
1997-09-22,15.5126,15.6519,15.5126,15.5607,15.5607,169303.92647044
1997-09-23,15.5312,15.6519,15.5312,15.5312,15.5312,92176.321652698
1997-09-24,15.4656,15.6794,15.4656,15.6519,15.6519,312742.32927585
1997-09-25,15.5607,15.7069,15.5312,15.5607,15.5607,185292.61464351
1997-09-26,15.7069,15.7069,15.5126,15.5126,15.5126,276998.95062715
1997-09-29,15.6264,15.7293,15.2703,15.4185,15.4185,420901.22215147
1997-09-30,15.4185,15.6264,15.2703,15.6058,15.6058,482511.1439569
1997-10-01,15.5312,16.062,15.5312,15.9688,15.9688,390805.82746495
1997-10-02,15.9893,16.1375,15.9688,16.0805,16.0805,109108.03963893
1997-10-03,16.1375,16.3424,16.1375,16.159,16.159,499913.86710388
1997-10-06,16.1101,16.4102,16.1101,16.4102,16.4102,142500.47045067
1997-10-07,16.4102,16.8201,16.3424,16.6789,16.6789,370584.20979532
1997-10-08,16.6789,16.6789,16.2925,16.3424,16.3424,53141.004337237
1997-10-09,16.2002,16.2925,15.8893,15.9893,15.9893,153788.2824415
1997-10-10,16.0325,16.2925,15.9127,16.2002,16.2002,154721.11733779
1997-10-13,16.2002,16.5572,16.062,16.5367,16.5367,130738.59482403
1997-10-14,16.5367,16.9192,16.3424,16.8662,16.8662,333901.8793002
1997-10-15,16.7525,16.7525,16.4632,16.5866,16.5866,133092.60113607
1997-10-16,16.6583,16.6583,16.37,16.37,16.37,171652.83532403
1997-10-17,16.4102,16.4102,16.1101,16.1727,16.1727,92646.307321754
1997-10-20,16.37,16.4346,16.1727,16.4102,16.4102,103462.09466015
1997-10-21,16.4632,16.4632,16.1727,16.3974,16.3974,114275.84301516
1997-10-22,16.4632,16.4632,16.2925,16.3974,16.3974,164124.90868564
1997-10-23,16.1101,16.4906,16.062,16.4102,16.4102,170238.8003501
1997-10-24,16.3424,16.6583,16.3424,16.4102,16.4102,221037.0127839
1997-10-27,16.37,16.5367,16.2306,16.37,16.37,158487.11964036
1997-10-28,15.9688,16.6995,15.9688,16.6583,16.6583,350365.65060077
1997-10-29,16.6583,16.7525,16.5572,16.6995,16.6995,534241.17179528
1997-10-30,16.5572,17.0349,16.4906,16.984,16.984,520135.4847735
1997-10-31,17.0349,17.4665,16.8466,17.2458,17.2458,249724.48944664
1997-11-03,17.7686,17.8697,17.649,17.7058,17.7058,600087.08157233
1997-11-04,17.7058,17.9403,17.5077,17.7962,17.7962,224329.97094234
1997-11-05,17.7501,18.0836,17.7501,17.9884,17.9884,99703.228799399
1997-11-06,18.0619,18.0836,17.7962,17.9109,17.9109,75244.603666457
1997-11-07,17.8922,17.8922,17.5077,17.5077,17.5077,102055.19612805
1997-11-10,17.649,17.8922,17.5077,17.7962,17.7962,83237.418515453
1997-11-11,17.7962,17.9884,17.7962,17.9256,17.9256,45148.189488241
1997-11-12,17.8697,17.9884,17.7285,17.9884,17.9884,55021.966505144
1997-11-13,17.9884,18.0836,17.7962,17.9884,17.9884,54087.092625485
1997-11-14,18.1317,18.1728,17.9884,18.0836,18.0836,113336.89116874
1997-11-17,18.0836,18.2728,18.0836,18.2728,18.2728,33862.416480793
1997-11-18,18.2728,18.4602,18.1502,18.4602,18.4602,72427.748127199
1997-11-19,18.4189,18.6534,18.2728,18.6534,18.6534,59733.037604279
1997-11-20,18.6799,18.8397,18.4189,18.8397,18.8397,317912.17163545
1997-11-21,18.8397,19.5578,18.6799,19.5578,19.5578,237496.7061177
1997-11-24,19.5578,19.6264,18.982,19.2704,19.2704,252541.34498589
1997-11-25,19.1311,19.6529,18.982,19.4106,19.4106,261476.17015638
1997-11-26,19.4106,19.4106,19.1311,19.1311,19.1311,101582.15198393
1997-11-28,19.2242,19.4921,19.2242,19.3165,19.3165,28215.452010309
1997-12-01,19.3636,19.7,19.2242,19.6068,19.6068,102992.10899109
1997-12-02,19.3165,19.7,19.3165,19.5058,19.5058,102521.10383035
1997-12-03,19.5058,19.6529,19.4106,19.5784,19.5784,221974.94513863
1997-12-04,19.7,19.9345,19.4106,19.9345,19.9345,288280.64566784
1997-12-05,19.8472,20.3671,19.7912,20.3671,20.3671,112873.02244983
1997-12-08,20.315,21.4135,20.0256,21.3204,21.3204,505089.82641362
1997-12-09,21.3204,21.8873,20.9644,21.3861,21.3861,328257.97330479
1997-12-10,21.393,21.9708,21.0105,21.754,21.754,337195.85695034
1997-12-11,21.6363,21.7746,21.3282,21.754,21.754,68189.72117219
1997-12-12,21.8756,21.9571,21.5117,21.8237,21.8237,94060.342295676
1997-12-15,21.8501,21.8501,21.3008,21.3008,21.3008,226205.8356518
1997-12-16,21.4422,22.3513,21.4422,21.9424,21.9424,191405.48681629
1997-12-17,26.2708,26.9871,25.1203,26.778,26.778,26788340.016479
1997-12-18,26.3631,26.5966,25.6137,25.6688,25.6688,8595387.4513087
1997-12-19,25.4068,25.8863,24.6986,25.8619,25.8619,3730764.591805
1997-12-22,25.4068,26.5024,25.4068,26.4572,26.4572,2441244.2159389
1997-12-23,26.4112,26.4112,25.8863,26.0767,26.0767,1423550.909357
1997-12-24,25.9286,26.1473,25.7393,25.7393,25.7393,1082595.1670542
1997-12-26,25.599,25.8863,25.599,25.8158,25.8158,751986.24591242
1997-12-29,25.8158,26.316,25.8158,26.316,26.316,709661.02891357
1997-12-30,26.218,26.5593,26.218,26.4358,26.4358,756216.1169339
1997-12-31,26.5593,27.0272,26.3631,26.885,26.885,613251.77776431
1998-01-02,26.7398,26.885,25.6471,25.9983,25.9983,1213337.839845
1998-01-05,25.8345,26.0767,25.2586,25.7883,25.7883,1929106.6434729
1998-01-06,25.5048,25.8345,25.3146,25.7206,25.7206,580800.33778237
1998-01-07,25.452,25.599,25.3146,25.4784,25.4784,1234963.2975716
1998-01-08,25.2586,25.3509,24.4495,24.9535,24.9535,1443295.4049156
1998-01-09,24.7888,24.9535,23.8334,24.3151,24.3151,1393451.4367037
1998-01-12,24.0247,25.2175,23.5902,25.0262,25.0262,797130.3574339
1998-01-13,25.0262,26.1768,24.6986,25.7883,25.7883,1059081.6107178
1998-01-14,25.4068,25.8863,25.0262,25.2459,25.2459,519194.49394371
1998-01-15,25.0262,25.3851,24.8369,25.3146,25.3146,301927.56142915
1998-01-16,25.5481,25.7883,25.0262,25.2586,25.2586,608077.85743796
1998-01-20,25.7688,25.7883,25.2175,25.5481,25.5481,907647.33458831
1998-01-21,25.2175,25.6246,25.1646,25.3724,25.3724,399271.68645807
1998-01-22,25.1203,25.4784,24.6986,24.7153,24.7153,533769.14714285
1998-01-23,24.7153,24.9977,24.3542,24.367,24.367,457586.61112166
1998-01-26,24.475,24.5466,24.0021,24.1209,24.1209,232790.73247701
1998-01-27,24.0021,24.4053,23.8777,24.4053,24.4053,846509.43743531
1998-01-28,24.1209,24.4603,24.0658,24.3229,24.3229,177297.76081113
1998-01-29,24.5034,25.0968,23.8777,24.7888,24.7888,380459.00630391
1998-01-30,24.5034,24.8849,24.1699,24.3542,24.3542,350834.61677813
1998-02-02,24.8369,25.0262,24.3542,24.8094,24.8094,635356.39658522
1998-02-03,24.4495,24.9535,24.3542,24.7369,24.7369,236548.57884607
1998-02-04,24.6427,24.8849,24.4495,24.8241,24.8241,191405.48681629
1998-02-05,24.8241,24.8497,24.1875,24.5034,24.5034,185292.61464351
1998-02-06,24.4259,24.7369,24.3151,24.576,24.576,173536.855967
1998-02-09,24.9301,25.1203,24.6986,25.0488,25.0488,269004.09679478
1998-02-10,24.8565,25.4068,24.8565,25.2175,25.2175,399271.68645807
1998-02-11,25.1203,25.4068,24.9301,25.1203,25.1203,240787.62529277
1998-02-12,24.7369,25.6471,24.7369,25.5481,25.5481,358353.36799131
1998-02-13,25.452,25.6932,25.4068,25.5411,25.5411,136852.4864885
1998-02-17,25.599,25.6932,25.1203,25.5048,25.5048,736934.47060239
1998-02-18,25.5048,25.8619,25.0262,25.2586,25.2586,359768.42245693
1998-02-19,25.2528,25.5735,25.0262,25.2861,25.2861,199398.30166529
1998-02-20,25.8863,25.957,25.5255,25.957,25.957,381395.91916696
1998-02-23,25.957,26.1768,25.6932,25.8158,25.8158,641467.22977462
1998-02-24,25.8345,25.8863,24.9535,25.2175,25.2175,243133.47567128
1998-02-25,25.3577,25.4068,25.0262,25.2175,25.2175,246894.38051541
1998-02-26,25.4068,25.957,25.1646,25.8345,25.8345,258184.23148962
1998-02-27,25.7883,25.7883,25.4333,25.7883,25.7883,133092.60113607
1998-03-02,25.9826,25.9826,25.4068,25.7393,25.7393,177297.76081113
1998-03-03,25.6932,25.9983,25.5048,25.7206,25.7206,201752.30797731
1998-03-04,25.7206,25.9286,25.3146,25.599,25.599,171182.84965497
1998-03-05,25.452,25.6932,25.0262,25.5048,25.5048,264299.14264578
1998-03-06,25.7206,25.7206,25.2175,25.452,25.452,301450.43931827
1998-03-09,25.599,25.599,24.8565,25.0488,25.0488,558702.85540329
1998-03-10,24.9752,25.2175,24.8094,24.8849,24.8849,351301.54397212
1998-03-11,24.829,25.5922,24.829,25.5177,25.5177,157077.1626332
1998-03-12,25.5922,25.5922,25.0645,25.3989,25.3989,122743.74099166
1998-03-13,25.3989,25.5,25.0429,25.1596,25.1596,175415.77915153
1998-03-16,25.5,25.5,24.9369,25.0429,25.0429,525779.39076893
1998-03-17,25.0429,25.0429,24.8025,24.8849,24.8849,416672.37062167
1998-03-18,24.8682,24.9682,24.5416,24.6623,24.6623,230912.82878418
1998-03-19,24.7093,24.7761,24.2542,24.5416,24.5416,145788.33115068
1998-03-20,24.1993,24.6368,24.1611,24.367,24.367,292519.69211454
1998-03-23,24.1993,24.3955,23.8717,24.0444,24.0444,368704.2671191
1998-03-24,24.1611,24.1611,23.6706,23.9266,23.9266,366349.24131538
1998-03-25,23.9658,24.7564,23.8717,24.6623,24.6623,1068959.4657014
1998-03-26,24.4603,24.728,24.3475,24.5809,24.5809,254898.409773
1998-03-27,24.6368,24.8682,23.6706,23.7766,23.7766,237496.7061177
1998-03-30,23.7766,23.8717,23.6706,23.8717,23.8717,332024.99509905
1998-03-31,23.8717,24.0374,23.6961,24.013,24.013,366349.24131538
1998-04-01,24.013,24.1611,23.7766,23.8777,23.8777,161779.05830712
1998-04-02,23.8717,24.3023,23.7766,24.0374,24.0374,271355.04463173
1998-04-03,24.1611,24.1611,23.8717,24.013,24.013,251597.29568104
1998-04-06,24.0374,24.3955,23.9658,24.2542,24.2542,265239.11398389
1998-04-07,24.2542,24.2542,23.9658,23.9658,23.9658,173063.81182288
1998-04-08,23.9658,24.3475,23.9658,24.1062,24.1062,276055.92081397
1998-04-09,24.1611,24.3955,23.9884,24.1993,24.1993,105339.99835298
1998-04-13,24.3955,24.3955,23.8463,24.1365,24.1365,290638.72994663
1998-04-14,24.1611,24.6829,23.8717,24.6829,24.6829,358353.36799131
1998-04-15,24.6829,24.9241,24.3475,24.9241,24.9241,283583.84745236
1998-04-16,24.9241,25.2528,24.6368,24.6368,24.6368,350834.61677813
1998-04-17,25.1037,25.1203,24.6368,24.8682,24.8682,193288.48796758
1998-04-20,24.6368,25.6892,24.6368,25.5922,25.5922,377170.12611223
1998-04-21,25.5922,26.0699,25.3989,26.0699,26.0699,358353.36799131
1998-04-22,25.9757,25.9757,25.5,25.5922,25.5922,182471.6811375
1998-04-23,25.6892,25.6892,25.2097,25.2646,25.2646,264772.18678989
1998-04-24,25.5,25.5,24.2542,24.728,24.728,480629.1622973
1998-04-27,24.3475,24.4495,23.8717,24.4495,24.4495,332960.8884704
1998-04-28,24.5416,24.829,24.3023,24.4495,24.4495,354595.52162226
1998-04-29,24.4495,24.829,24.1611,24.5416,24.5416,187641.52349708
1998-04-30,24.6368,24.728,24.2542,24.418,24.418,245961.54561913
1998-05-01,24.1611,24.5809,24.1611,24.5171,24.5171,234676.79210338
1998-05-04,24.728,24.829,24.4897,24.6368,24.6368,366824.32444289
1998-05-05,24.6368,24.728,24.5416,24.6201,24.6201,337195.85695034
1998-05-06,24.5809,24.728,24.5416,24.5809,24.5809,275112.8910008
1998-05-07,24.5416,24.728,24.5416,24.6829,24.6829,202691.25982373
1998-05-08,24.5416,25.0193,24.5416,24.829,24.829,222447.98928275
1998-05-11,24.6368,24.9682,24.6368,24.7487,24.7487,113807.89632948
1998-05-12,24.6829,24.8682,24.6368,24.6829,24.6829,175888.82329566
1998-05-13,24.6368,24.9241,24.6368,24.7761,24.7761,165539.96315125
1998-05-14,24.829,24.829,24.5809,24.6368,24.6368,183410.63298391
1998-05-15,24.7153,24.728,24.5613,24.7093,24.7093,332024.99509905
1998-05-18,24.9498,24.9498,23.6833,23.7922,23.7922,229027.78864951
1998-05-19,23.9413,24.0778,23.7236,23.7922,23.7922,332647.9045216
1998-05-20,24.013,25.089,23.7236,25.0193,25.0193,227770.75539584
1998-05-21,25.3087,25.7393,24.728,25.3087,25.3087,217743.03513375
1998-05-22,25.1596,25.447,23.5078,23.6833,23.6833,323402.13438569
1998-05-26,23.7922,25.3087,23.7236,23.9413,23.9413,458054.55780734
1998-05-27,23.9413,24.728,23.5078,24.5809,24.5809,270570.0360305
1998-05-28,24.728,24.9498,23.8717,24.5171,24.5171,190157.62898781
1998-05-29,24.5171,24.8025,23.7236,24.1611,24.1611,178550.71609804
1998-06-01,24.5171,24.5809,23.6186,24.0778,24.0778,303333.44046955
1998-06-02,24.1611,24.367,22.8585,22.8585,22.8585,426237.24165652
1998-06-03,23.2203,23.5078,22.0669,22.4308,22.4308,516530.56215793
1998-06-04,22.7123,23.0017,21.8589,22.5731,22.5731,422938.16654794
1998-06-05,23.0017,23.396,22.4308,23.0017,23.0017,229027.78864951
1998-06-08,22.7123,23.292,22.6475,23.0409,23.0409,338293.84950039
1998-06-09,23.2203,23.2203,22.9349,23.1273,23.1273,304430.41352791
1998-06-10,23.1487,24.3023,23.0409,24.1611,24.1611,425296.25082673
1998-06-11,23.7922,24.3023,22.9349,23.0409,23.0409,237022.64248188
1998-06-12,22.8585,23.084,21.7471,22.6054,22.6054,451788.76188106
1998-06-15,21.2792,21.8589,20.778,21.0644,21.0644,319952.17450699
1998-06-16,21.1331,21.8589,20.7055,21.7824,21.7824,427020.21127438
1998-06-17,22.0826,22.8153,21.7952,22.7722,22.7722,393472.81772579
1998-06-18,22.521,22.9516,21.656,22.0826,22.0826,301296.49607308
1998-06-19,22.0826,23.4598,22.0826,22.6682,22.6682,872372.92211698
1998-06-22,22.521,22.881,22.2306,22.521,22.521,288595.66860002
1998-06-23,22.521,23.1027,21.7952,22.2306,22.2306,300824.47142065
1998-06-24,22.521,22.8153,21.7285,22.5897,22.5897,464015.52571831
1998-06-25,22.521,22.8153,22.0826,22.4102,22.4102,248469.49517634
1998-06-26,22.6682,23.3832,22.3817,22.9516,22.9516,283112.84229162
1998-06-29,22.8153,23.8226,22.521,22.626,22.626,345345.67351958
1998-06-30,22.9516,22.9516,22.0826,22.1659,22.1659,308817.28626964
1998-07-01,22.3052,22.3052,21.7285,21.7952,21.7952,481882.11758421
1998-07-02,21.7952,22.0168,20.932,21.141,21.141,410870.44341432
1998-07-06,21.3656,21.9424,21.2254,21.8678,21.8678,311957.32067461
1998-07-07,21.7952,22.0826,21.5058,21.9424,21.9424,258347.35016001
1998-07-08,21.7285,21.7952,21.2254,21.5058,21.5058,469659.43171372
1998-07-09,21.4422,22.0826,21.2254,21.9011,21.9011,357260.47289971
1998-07-10,21.7952,21.9424,21.4422,21.8364,21.8364,381088.03267659
1998-07-13,21.5813,21.8678,21.3656,21.5058,21.5058,276214.9615176
1998-07-14,21.7952,21.7952,21.2939,21.5813,21.5813,323245.13266543
1998-07-15,21.9424,21.9424,21.4422,21.5058,21.5058,208645.09129288
1998-07-16,21.656,21.9424,21.3656,21.9424,21.9424,166484.01245612
1998-07-17,22.5897,22.6682,21.656,21.8678,21.8678,160522.02505345
1998-07-20,21.7285,21.8678,21.3656,21.494,21.494,171967.8582562
1998-07-21,21.7285,21.7707,21.3656,21.6206,21.6206,182313.65992554
1998-07-22,21.7285,21.9424,21.141,21.3352,21.3352,238277.63675218
1998-07-23,21.656,21.656,20.315,20.6426,20.6426,168985.84506319
1998-07-24,21.04,22.3817,20.6426,21.9424,21.9424,367917.21953449
1998-07-27,21.4422,21.9424,21.0811,21.8678,21.8678,224010.87004339
1998-07-28,21.8678,21.8678,20.0668,21.141,21.141,439089.97339138
1998-07-29,21.3656,21.656,20.3552,20.7496,20.7496,292519.69211454
1998-07-30,20.8977,21.9424,20.3552,21.3352,21.3352,150959.19300197
1998-07-31,21.4422,21.4422,20.6426,20.6426,20.6426,204101.21683089
1998-08-03,20.5691,21.2939,20.2081,20.2896,20.2896,228246.85801503
1998-08-04,20.932,20.932,20.2081,20.2963,20.2963,385789.92835052
1998-08-05,20.5368,20.7917,20.2896,20.5691,20.5691,342835.684979
1998-08-06,20.1404,21.141,20.1404,20.7917,20.7917,259122.16384435
1998-08-07,21.0811,21.0811,20.0668,20.2081,20.2081,509785.6051374
1998-08-10,20.4298,20.4298,19.5578,19.6334,19.6334,377016.18286704
1998-08-11,19.6334,19.7697,19.0565,19.6196,19.6196,406796.55462139
1998-08-12,20.1012,20.1012,19.5244,19.9923,19.9923,387668.85153506
1998-08-13,19.9178,20.0668,19.4921,19.4921,19.4921,255677.3014241
1998-08-14,19.9178,19.9923,19.4176,19.4176,19.4176,150489.20733291
1998-08-17,19.5578,20.1012,19.3449,20.1012,20.1012,206140.20021074
1998-08-18,20.2081,20.2474,19.6334,19.7059,19.7059,215071.96690616
1998-08-19,20.0668,20.1747,19.6334,20.1747,20.1747,212569.1148074
1998-08-20,20.2081,20.6426,19.9178,19.9178,19.9178,353654.53079246
1998-08-21,19.5578,20.0668,18.7898,19.5578,19.5578,266651.10997443
1998-08-24,19.5578,20.4955,19.5578,20.4298,20.4298,284521.77980709
1998-08-25,20.7917,21.3352,20.2896,20.7496,20.7496,243764.54102735
1998-08-26,20.3552,20.9193,20.2081,20.3552,20.3552,202691.25982373
1998-08-27,20.3552,20.4955,18.7701,18.8074,18.8074,296588.48344902
1998-08-28,19.0565,20.1012,18.622,19.4176,19.4176,274806.02400212
1998-08-31,19.7697,21.0811,19.2008,19.4176,19.4176,463861.58247314
1998-09-01,19.9178,20.2081,18.7701,20.2081,20.2081,826443.80199425
1998-09-02,20.2081,20.2081,19.3449,19.5058,19.5058,376701.15993486
1998-09-03,19.4921,19.853,18.9153,19.4921,19.4921,318228.21405932
1998-09-04,19.1311,19.4921,18.5533,19.1311,19.1311,369646.2774406
1998-09-08,19.853,21.187,19.3116,21.1645,21.1645,464170.48845518
1998-09-09,20.7103,20.8594,19.5244,20.0668,20.0668,322613.04781769
1998-09-10,18.6926,19.3449,18.3298,18.7701,18.7701,220878.99157196
1998-09-11,19.0565,20.2896,18.5533,20.0453,20.0453,317444.22494977
1998-09-14,20.2081,20.6426,19.853,20.6426,20.6426,214136.07353481
1998-09-15,20.2896,21.656,20.2896,21.4754,21.4754,367758.17883085
1998-09-16,22.0375,22.1041,21.0163,21.6019,21.6019,252697.32721445
1998-09-17,21.1645,21.1645,20.7222,21.0576,21.0576,205670.21454169
1998-09-18,20.7222,22.2513,20.6161,21.4135,21.4135,637550.34270194
1998-09-21,20.8712,21.5186,20.5838,21.3087,21.3087,146104.37357455
1998-09-22,21.3793,22.1777,21.3793,21.6363,21.6363,173536.855967
1998-09-23,21.3793,23.1949,21.3087,22.6868,22.6868,421684.19176933
1998-09-24,22.6868,23.1949,21.8167,21.9972,21.9972,350680.67353295
1998-09-25,21.4578,22.6113,21.4578,21.8873,21.8873,151119.25319728
1998-09-28,22.3179,22.4641,20.8045,22.3994,22.3994,347851.58409342
1998-09-29,22.3994,22.6113,21.3793,21.8167,21.8167,375760.16910505
1998-09-30,21.6019,21.6019,17.6824,17.8285,17.8285,440655.91262711
1998-10-01,17.8285,20.5838,17.8285,19.6391,19.6391,879896.7707886
1998-10-02,20.0757,20.8712,19.4921,20.7623,20.7623,472009.360059
1998-10-05,20.2963,20.5838,19.1311,20.4357,20.4357,815161.08746187
1998-10-06,20.5838,20.8045,19.1311,20.0757,20.0757,305525.34760289
1998-10-07,20.008,20.0757,19.2085,19.4243,19.4243,498660.91181697
1998-10-08,18.9153,18.9153,17.7235,18.3298,18.3298,756216.1169339
1998-10-09,18.6279,19.1704,17.8285,19.1311,19.1311,393943.82288653
1998-10-12,19.3832,19.9688,18.9153,19.2085,19.2085,149081.28930913
1998-10-13,19.4243,20.008,18.9565,19.7137,19.7137,156136.17180339
1998-10-14,20.008,21.8167,19.5313,21.3087,21.3087,552270.88233157
1998-10-15,20.6583,21.5617,20.2963,21.3793,21.3793,204891.32289058
1998-10-16,21.494,22.6113,21.4578,22.0669,22.0669,573438.58828944
1998-10-19,21.6019,22.1041,21.2321,21.3459,21.3459,416986.37406216
1998-10-20,21.4578,21.5186,21.1281,21.4135,21.4135,382337.92948844
1998-10-21,21.5186,21.5186,20.5838,21.2724,21.2724,500697.85621343
1998-10-22,21.0928,21.4135,20.9104,21.4135,21.4135,464015.52571831
1998-10-23,21.4135,21.4135,21.1645,21.3793,21.3793,398331.71511995
1998-10-26,21.4578,21.7423,21.2321,21.6019,21.6019,451003.75327982
1998-10-27,21.6363,21.7423,20.8712,21.2321,21.2321,112239.91811038
1998-10-28,21.2724,21.3793,20.6583,21.3656,21.3656,121017.74156062
1998-10-29,20.9467,21.7423,20.4357,21.6363,21.6363,223225.86144216
1998-10-30,21.6697,22.2513,21.2321,21.6363,21.6363,707771.91081214
1998-11-02,21.5186,21.7423,20.7623,21.6019,21.6019,251759.39485973
1998-11-03,20.9467,21.8873,20.8712,21.6019,21.6019,759671.17427105
1998-11-04,21.5186,22.8329,21.5186,22.6113,22.6113,452880.63748097
1998-11-05,22.1777,23.0487,22.1041,23.0487,23.0487,232638.82821522
1998-11-06,23.1949,23.1949,22.1453,22.3179,22.3179,176197.7292777
1998-11-09,22.3179,22.4641,21.1645,21.6019,21.6019,251441.31345247
1998-11-10,21.8873,22.6113,21.4578,22.3179,22.3179,394411.7695722
1998-11-11,22.5387,22.5387,21.6019,21.6697,21.6697,119766.82525708
1998-11-12,21.8167,21.8167,21.3087,21.5186,21.5186,174161.80437292
1998-11-13,21.7423,21.7423,21.3087,21.3087,21.3087,219618.89984322
1998-11-16,21.6697,22.5387,21.3087,22.5093,22.5093,486584.01325814
1998-11-17,22.1777,23.1949,22.1777,22.6113,22.6113,342681.74173382
1998-11-18,22.4641,22.5387,21.6697,21.9011,21.9011,186387.54871849
1998-11-19,22.0375,22.0375,20.9771,21.2321,21.2321,485173.03675928
1998-11-20,22.3179,22.3592,21.1645,21.2321,21.2321,427489.17745176
1998-11-23,21.8873,22.3994,21.6697,22.3994,22.3994,224484.93367921
1998-11-24,22.4641,23.1949,22.2513,23.1949,23.1949,475769.24541143
1998-11-25,23.0487,23.1949,22.4641,23.0487,23.0487,355375.43276504
1998-11-27,23.0105,23.1134,22.7937,22.7937,22.7937,39506.322476206
1998-11-30,22.8329,23.0487,22.4308,22.6475,22.6475,265865.08188151
1998-12-01,21.9648,22.3994,21.8167,22.1777,22.1777,617794.63273461
1998-12-02,21.8167,22.0375,21.5186,21.8364,21.8364,230283.80241149
1998-12-03,21.7423,22.1041,21.494,21.494,21.494,252541.34498589
1998-12-04,22.0375,22.8329,21.6019,22.8153,22.8153,260380.21658971
1998-12-07,22.6113,22.6475,22.0375,22.1041,22.1041,333901.8793002
1998-12-08,21.9648,21.9648,21.3087,21.7423,21.7423,388927.9237721
1998-12-09,21.6697,21.9648,21.3087,21.8873,21.8873,151119.25319728
1998-12-10,21.9648,21.9648,20.8712,21.0163,21.0163,204575.28046671
1998-12-11,21.0928,21.0928,20.008,20.5838,20.5838,401310.66983791
1998-12-14,20.3671,20.5838,19.8599,20.2219,20.2219,159428.11047016
1998-12-15,20.2963,20.2963,19.4647,19.8599,19.8599,999197.6883434
1998-12-16,19.7324,21.548,19.7324,21.3656,21.3656,498031.88544428
1998-12-17,21.3656,22.0552,21.2508,21.9845,21.9845,520443.37126387
1998-12-18,22.1316,22.1316,20.5308,20.8251,20.8251,584568.37906833
1998-12-21,21.04,21.1144,20.0953,20.6799,20.6799,381242.99541346
1998-12-22,20.932,21.4803,20.8251,20.9644,20.9644,509785.6051374
1998-12-23,21.1144,21.2508,20.8889,21.2254,21.2254,366665.28373925
1998-12-24,21.3998,21.548,21.1144,21.1144,21.1144,139829.40222308
1998-12-28,21.3998,21.3998,20.8251,20.9104,20.9104,228089.85629478
1998-12-29,20.9644,20.9644,20.2395,20.8712,20.8712,346908.55428023
1998-12-30,20.8251,20.9644,20.3818,20.7848,20.7848,503046.76506701
1998-12-31,20.6799,21.3793,20.6799,21.3352,21.3352,314303.17105312
1999-01-04,21.4422,21.908,21.3352,21.8756,21.8756,534555.17523578
1999-01-05,21.7707,22.0552,21.4803,21.4803,21.4803,370424.14960001
1999-01-06,21.8433,22.1316,21.04,22.1316,22.1316,349417.52332914
1999-01-07,21.3656,21.7707,20.9644,21.3998,21.3998,473417.27808279
1999-01-08,21.0811,21.548,20.7848,21.548,21.548,302708.49206363
1999-01-11,21.2508,21.6206,20.8251,21.187,21.187,427489.17745176
1999-01-12,21.2508,21.2508,20.6034,20.8251,20.8251,380779.12669455
1999-01-13,20.3818,20.9644,20.164,20.4955,20.4955,404602.60850468
1999-01-14,20.5308,20.7436,20.2395,20.6034,20.6034,627672.48771827
1999-01-15,20.8251,21.4803,20.5308,21.4803,21.4803,588326.22543739
1999-01-19,21.548,22.0552,20.6034,21.1144,21.1144,712950.92859696
1999-01-20,21.4803,21.4803,20.0531,20.164,20.164,620771.54846918
1999-01-21,20.1266,20.3818,19.7991,19.9472,19.9472,638493.37251512
1999-01-22,19.8804,20.2395,19.8804,20.0953,20.0953,410870.44341432
1999-01-25,20.0953,20.3818,19.2242,20.3494,20.3494,645073.17188187
1999-01-26,20.3494,20.3494,19.545,19.6529,19.6529,258968.22059917
1999-01-27,19.7324,19.8804,19.5058,19.545,19.545,376857.14216342
1999-01-28,19.5058,19.7324,19.0772,19.2576,19.2576,705581.0231705
1999-01-29,19.1458,19.5058,18.8888,19.1821,19.1821,473417.27808279
1999-02-01,19.1458,19.2242,18.7466,18.9261,18.9261,319793.13380336
1999-02-02,18.7849,18.8888,18.4189,18.7701,18.7701,369168.13583802
1999-02-03,18.9261,18.9261,18.6416,18.8211,18.8211,452568.67302386
1999-02-04,18.8888,18.8888,17.9825,18.2728,18.2728,483293.09408307
1999-02-05,18.2728,18.7849,17.9825,17.9825,17.9825,701191.09195369
1999-02-08,18.7849,20.3818,18.7849,19.5058,19.5058,837261.62831602
1999-02-09,19.6529,19.7324,19.3636,19.4784,19.4784,398802.7202807
1999-02-10,19.5058,19.7991,19.4371,19.5058,19.5058,521860.46471286
1999-02-11,20.164,20.3091,19.6264,20.2963,20.2963,361962.36857365
1999-02-12,20.3091,20.3818,19.4371,19.4577,19.4577,555096.91329603
1999-02-16,19.4371,20.4955,19.4371,19.7991,19.7991,523115.45898315
1999-02-17,19.8412,20.3091,19.6529,19.9472,19.9472,424978.16941948
1999-02-18,20.0531,20.0531,19.29,19.6529,19.6529,482355.16172834
1999-02-19,19.5863,20.5622,19.4371,19.8804,19.8804,411655.45201556
1999-02-22,19.7324,21.1144,19.7324,20.8889,20.8889,647739.14265102
1999-02-23,20.8889,20.932,20.0953,20.8594,20.8594,411500.48927869
1999-02-24,20.8594,20.9644,19.8804,19.9874,19.9874,381242.99541346
1999-02-25,20.0953,20.3494,19.7991,20.2758,20.2758,551798.85767914
1999-02-26,20.4553,20.5308,20.164,20.4239,20.4239,382180.92776819
1999-03-01,20.5308,21.187,20.164,20.8889,20.8889,662471.8170621
1999-03-02,20.8251,21.3352,20.7436,21.2724,21.2724,428272.14706961
1999-03-03,21.141,21.3352,20.9644,21.3352,21.3352,356007.51761281
1999-03-04,21.3352,21.8433,21.1144,21.802,21.802,691318.33442848
1999-03-05,21.7707,22.2366,21.6206,22.0552,22.0552,522016.44694141
1999-03-08,21.908,22.0552,21.3352,21.6206,21.6206,278876.85431998
1999-03-09,21.548,22.0248,21.3352,21.4646,21.4646,956875.52981962
1999-03-10,21.4803,22.0552,21.3998,21.8433,21.8433,230439.78464005
1999-03-11,21.8756,21.908,21.3352,21.8433,21.8433,381873.04127784
1999-03-12,21.6931,22.1316,21.6931,22.0375,22.0375,407579.52423925
1999-03-15,22.0248,22.2366,21.802,22.2366,22.2366,642721.20455323
1999-03-16,22.2032,22.2366,21.5882,21.5882,21.5882,181686.67253624
1999-03-17,21.7216,21.7216,20.8369,21.5745,21.5745,798076.44572214
1999-03-18,21.5745,22.6338,21.5009,22.4857,22.4857,421221.34254211
1999-03-19,22.7064,23.1076,22.0826,22.2306,22.2306,559949.69374007
1999-03-22,22.0826,22.4484,21.8678,22.2306,22.2306,317757.20889858
1999-03-23,22.27,22.3052,21.6814,21.7216,21.7216,451629.72117744
1999-03-24,21.8294,22.1963,21.4255,22.1777,22.1777,180588.6799862
1999-03-25,22.2306,22.9643,22.1963,22.9643,22.9643,646641.15010098
1999-03-26,22.7064,22.8889,21.7952,21.7952,21.7952,530484.34491792
1999-03-29,21.8294,22.8889,21.8294,22.8525,22.8525,368704.2671191
1999-03-30,22.7465,22.8221,22.3052,22.7465,22.7465,270252.97411493
1999-03-31,22.5661,23.1841,21.2144,21.3204,21.3204,562616.68400091
1999-04-01,21.651,22.2306,21.3587,22.0826,22.0826,378103.98050019
1999-04-05,22.2306,22.8889,21.7216,22.8525,22.8525,523895.37012594
1999-04-06,22.528,22.8889,21.651,21.7001,21.7001,532519.250331
1999-04-07,21.9354,22.0826,21.651,21.6814,21.6814,422156.21642177
1999-04-08,21.5745,22.3052,21.5009,22.0168,22.0168,479691.22994257
1999-04-09,22.0168,22.0492,21.2144,21.7423,21.7423,315870.12978053
1999-04-12,21.7952,22.528,21.4255,22.528,22.528,387359.945553
1999-04-13,22.3454,22.4857,20.8369,21.5333,21.5333,413850.41762397
1999-04-14,21.651,21.9354,20.9849,21.2448,21.2448,231380.77546986
1999-04-15,21.2144,22.1659,21.2144,21.8678,21.8678,451161.77449176
1999-04-16,21.7628,22.1659,21.5009,21.5333,21.5333,364941.3232916
1999-04-19,22.2306,23.1076,21.8756,22.7271,22.7271,578919.37561446
1999-04-20,22.7465,22.8889,22.3817,22.8889,22.8889,502737.85908497
1999-04-21,22.8525,23.4039,22.7465,23.4039,23.4039,303333.44046955
1999-04-22,23.1487,23.4039,22.9643,23.241,23.241,344873.64886715
1999-04-23,23.2203,23.8463,22.9643,23.1487,23.1487,327478.06216199
1999-04-26,22.8525,23.1487,22.3817,22.8221,22.8221,300355.50524328
1999-04-27,22.6721,23.4039,22.417,23.3067,23.3067,328257.97330479
1999-04-28,22.8221,23.6961,22.8221,23.4039,23.4039,402719.60735338
1999-04-29,23.2567,23.6961,23.1076,23.2567,23.2567,332024.99509905
1999-04-30,23.4039,23.6589,23.1076,23.6255,23.6255,299409.41695503
1999-05-03,23.6255,23.6961,23.1841,23.6589,23.6589,337820.80535626
1999-05-04,23.6589,23.6961,22.8889,23.1841,23.1841,383435.92203849
1999-05-05,22.9643,23.4039,22.8221,23.3283,23.3283,278876.85431998
1999-05-06,23.4774,23.4774,22.8889,23.1625,23.1625,318228.21405932
1999-05-07,23.3283,23.5843,23.034,23.2978,23.2978,265865.08188151
1999-05-10,22.8221,23.6589,22.8221,23.2203,23.2203,279036.9145153
1999-05-11,23.1076,23.9884,23.1076,23.6775,23.6775,346908.55428023
1999-05-12,23.5499,23.6961,23.1487,23.3665,23.3665,246270.45160118
1999-05-13,23.5499,24.2788,23.4039,24.2052,24.2052,429996.10751728
1999-05-14,23.8463,23.8463,23.3283,23.5499,23.5499,424198.25827668
1999-05-17,23.3665,23.6961,23.3665,23.5706,23.5706,504146.79660044
1999-05-18,23.5078,23.5078,23.0772,23.2978,23.2978,658555.9494811
1999-05-19,23.4039,24.1365,23.1076,24.1209,24.1209,368393.32215369
1999-05-20,23.7717,24.3151,23.7717,24.0983,24.0983,223852.84883146
1999-05-21,24.0247,24.0247,23.4774,23.5078,23.5078,228401.8207519
1999-05-24,23.4774,24.1365,23.3665,23.5706,23.5706,206611.20537149
1999-05-25,23.4774,24.0983,23.3665,23.4039,23.4039,313680.26163058
1999-05-26,23.4774,24.2788,23.3665,24.2631,24.2631,333901.8793002
1999-05-27,24.0591,24.1758,23.3665,23.5499,23.5499,430465.07369464
1999-05-28,23.5499,24.5034,23.5499,24.0983,24.0983,274649.02228188
1999-06-01,23.9884,24.1365,23.3283,23.5499,23.5499,358669.4104152
1999-06-02,23.4039,23.7717,23.2203,23.2567,23.2567,316501.1951366
1999-06-03,23.2567,23.6961,23.2203,23.6775,23.6775,276527.9454664
1999-06-04,23.4039,23.8069,23.0017,23.4371,23.4371,137477.43489443
1999-06-07,23.2567,23.3283,23.034,23.2978,23.2978,93744.2998718
1999-06-08,23.1076,23.3283,22.8889,23.0772,23.0772,207236.15377741
1999-06-09,23.1076,23.4774,22.8525,22.93,22.93,255363.2979836
1999-06-10,22.8221,23.2567,22.528,22.6338,22.6338,247837.41032859
1999-06-11,22.7064,22.7465,22.5965,22.6721,22.6721,596633.04372688
1999-06-14,22.93,23.1487,22.6721,22.7799,22.7799,156923.21938802
1999-06-15,22.7465,23.4039,22.1659,22.3454,22.3454,249405.38854769
1999-06-16,22.4377,22.9938,22.3739,22.6682,22.6682,223383.88265409
1999-06-17,22.9242,22.9586,22.4377,22.626,22.626,95464.1823527
1999-06-18,22.7722,23.0693,22.4798,22.5524,22.5524,690223.4003535
1999-06-21,22.5524,22.626,21.9648,22.4043,22.4043,155820.12937952
1999-06-22,22.2994,22.3739,22.1512,22.2994,22.2994,196265.40370214
1999-06-23,22.1856,22.2562,21.6697,21.8952,21.8952,323245.13266543
1999-06-24,21.8952,22.2239,21.3744,21.9648,21.9648,244233.50720471
1999-06-25,21.8167,22.2562,21.7824,21.9648,21.9648,225423.88552563
1999-06-28,21.9648,22.626,21.9648,22.4377,22.4377,213355.14290032
1999-06-29,22.1512,22.4043,22.111,22.2562,22.2562,160522.02505345
1999-06-30,22.2366,22.3316,21.2655,22.0747,22.0747,410870.44341432
1999-07-01,22.2994,22.3316,21.8167,21.8952,21.8952,306933.26562666
1999-07-02,21.8167,22.3316,21.7471,22.2562,22.2562,681127.49549601
1999-07-06,22.111,22.3739,22.0061,22.111,22.111,229342.8115817
1999-07-07,22.1856,22.2562,21.9648,22.1709,22.1709,254423.32664549
1999-07-08,21.9648,22.111,21.7824,21.8589,21.8589,413694.4353954
1999-07-09,21.8952,22.1856,21.8167,22.0375,22.0375,360235.34965092
1999-07-12,22.0747,22.0747,21.8952,21.9648,21.9648,504927.72723493
1999-07-13,21.9276,21.9648,21.4578,21.7952,21.7952,393943.82288653
1999-07-14,21.8364,21.8952,21.7471,21.7471,21.7471,421059.24336341
1999-07-15,21.8589,22.0375,21.7471,21.8167,21.8167,105028.03389588
1999-07-16,21.8167,22.1856,21.7824,22.1856,22.1856,267123.13462687
1999-07-19,22.0747,22.1856,21.6697,21.6697,21.6697,258503.33238857
1999-07-20,21.6697,22.0061,21.6697,21.7707,21.7707,232790.73247701
1999-07-21,21.9648,22.3316,21.8589,22.3316,22.3316,265395.09621244
1999-07-22,22.111,22.2562,20.8653,21.6019,21.6019,391902.80052329
1999-07-23,21.5186,22.3316,21.4578,21.8589,21.8589,326530.95438205
1999-07-26,21.7471,23.0693,21.5186,22.6986,22.6986,565438.63699861
1999-07-27,22.7722,23.5078,22.7338,23.0282,23.0282,563560.73330578
1999-07-28,22.9242,23.0282,22.626,22.6986,22.6986,206301.27989775
1999-07-29,22.6682,22.7338,22.1512,22.3316,22.3316,481725.11586397
1999-07-30,22.111,22.3739,21.8167,22.111,22.111,552895.83073749
1999-08-02,22.111,22.6986,22.0375,22.3739,22.3739,191405.48681629
1999-08-03,22.3739,22.6986,21.8952,21.9648,21.9648,658716.00967643
1999-08-04,22.0375,22.4043,21.8952,21.8952,21.8952,331079.9263025
1999-08-05,21.8952,22.6986,21.4135,22.4377,22.4377,521707.54095937
1999-08-06,22.1856,22.3316,21.7059,22.0747,22.0747,266651.10997443
1999-08-09,22.0747,22.9586,21.8952,22.881,22.881,545997.94996347
1999-08-10,22.6682,22.7338,21.8952,22.626,22.626,348638.63167803
1999-08-11,22.626,23.4715,22.3316,23.4371,23.4371,563714.67655095
1999-08-12,23.3607,23.4715,23.141,23.292,23.292,379676.03668605
1999-08-13,23.3744,23.8777,23.3607,23.7991,23.7991,619050.64649659
1999-08-16,23.6903,24.9046,23.5078,24.829,24.829,902317.43203339
1999-08-17,24.9438,24.9752,23.6186,24.0718,24.0718,503518.78971944
1999-08-18,23.9473,23.9473,23.1772,23.6049,23.6049,263826.09850165
1999-08-19,23.5441,24.0915,23.3607,23.6392,23.6392,314930.15844243
1999-08-20,24.1758,24.2052,23.7991,23.8777,23.8777,379833.0384063
1999-08-23,23.8393,24.2385,23.7638,24.1542,24.1542,273237.02629133
1999-08-24,24.0247,24.6505,24.0247,24.6064,24.6064,429212.11840772
1999-08-25,24.5553,24.7564,24.2385,24.6829,24.6829,339548.84377069
1999-08-26,24.5553,24.576,23.9109,24.0591,24.0591,136069.51687064
1999-08-27,24.1758,24.1758,23.292,23.5843,23.5843,177920.67023368
1999-08-30,23.4715,23.5843,22.4798,22.5838,22.5838,506655.76564934
1999-08-31,22.626,23.7991,22.2562,23.292,23.292,338449.83172895
1999-09-01,23.292,23.6519,22.6986,23.6186,23.6186,253640.35702763
1999-09-02,23.3607,23.3607,22.3739,22.8153,22.8153,277939.94145695
1999-09-03,22.7722,23.7305,22.7722,23.1567,23.1567,313053.27424128
1999-09-07,23.2135,23.3607,23.1076,23.141,23.141,246114.46937263
1999-09-08,23.0693,23.1567,22.2239,22.4798,22.4798,171967.8582562
1999-09-09,22.5524,23.0693,22.111,23.0693,23.0693,162094.08123931
1999-09-10,22.9242,23.7305,22.8388,23.4371,23.4371,341740.75090402
1999-09-13,23.3204,23.6903,23.141,23.6519,23.6519,286088.7385345
1999-09-14,23.5441,23.5843,23.2135,23.3204,23.3204,466527.55324228
1999-09-15,23.6128,23.6128,23.0164,23.0939,23.0939,222915.93596842
1999-09-16,23.0772,23.241,22.7201,23.0939,23.0939,128385.6080037
1999-09-17,22.7604,22.9439,22.6544,22.7604,22.7604,454609.69538708
1999-09-20,22.7604,23.241,22.7201,22.9115,22.9115,165226.97920245
1999-09-21,22.7604,22.8388,22.2032,22.3513,22.3513,493486.99149061
1999-09-22,22.3316,23.0546,22.3179,22.7201,22.7201,170710.82500254
1999-09-23,22.8221,23.0164,22.4308,22.4308,22.4308,914078.28816834
1999-09-24,22.5093,22.5093,22.3513,22.3926,22.3926,516995.45036854
1999-09-27,22.4641,22.7201,22.3926,22.5093,22.5093,313053.27424128
1999-09-28,22.5731,22.5731,21.8756,22.4308,22.4308,490975.98345833
1999-09-29,22.4308,22.7201,22.0552,22.0552,22.0552,229812.79725075
1999-09-30,22.2827,22.3513,21.8756,22.1572,22.1572,680186.50466621
1999-10-01,22.0953,22.1709,21.5009,21.5186,21.5186,687242.40665217
1999-10-04,21.5009,21.656,21.2861,21.3204,21.3204,609647.87464043
1999-10-05,21.3411,21.5412,20.878,21.0987,21.0987,517630.59369136
1999-10-06,21.2448,21.802,21.1723,21.6697,21.6697,652750.96379869
1999-10-07,21.656,21.7707,21.3587,21.393,21.393,294554.59752762
1999-10-08,21.4135,21.9914,21.4135,21.8756,21.8756,509470.58220522
1999-10-11,21.8364,21.908,21.3204,21.393,21.393,223383.88265409
1999-10-12,21.4578,21.5009,20.6583,20.7299,20.7299,288595.66860002
1999-10-13,20.6985,20.878,20.2963,20.2963,20.2963,730038.62881175
1999-10-14,20.3621,20.6583,20.2542,20.4916,20.4916,731296.68155712
1999-10-15,20.1747,20.2963,19.29,19.3636,19.3636,602589.93367109
1999-10-18,19.3322,19.55,19.2576,19.3636,19.3636,616230.73248227
1999-10-19,19.8472,19.9923,19.3322,19.5136,19.5136,542238.06461104
1999-10-20,19.4784,19.5136,19.0369,19.2576,19.2576,490348.99606903
1999-10-21,19.0369,19.1007,18.112,18.9261,18.9261,572337.53726432
1999-10-22,18.8683,19.55,18.8143,19.5136,19.5136,853878.32337008
1999-10-25,19.5136,19.9923,19.4048,19.9178,19.9178,555715.74475182
1999-10-26,19.9756,20.0256,19.6558,19.6558,19.6558,395976.68931623
1999-10-27,19.7392,20.47,19.55,20.4023,20.4023,830835.77219444
1999-10-28,20.5073,21.138,20.5073,20.7103,20.7103,1050928.7356735
1999-10-29,21.138,21.2448,20.6201,21.138,21.138,382494.93120869
1999-11-01,21.0046,21.0243,20.0668,20.6985,20.6985,231849.74164721
1999-11-02,20.6583,20.9849,20.215,20.2963,20.2963,732860.58180946
1999-11-03,20.47,20.6201,20.2963,20.4023,20.4023,356631.44652703
1999-11-04,20.5505,20.8123,20.4023,20.7299,20.7299,285305.76891664
1999-11-05,20.878,21.7707,20.8123,21.2448,21.2448,519821.48133301
1999-11-08,21.2144,21.6206,21.138,21.5813,21.5813,431876.05019349
1999-11-09,21.8364,21.908,21.3204,21.3204,21.3204,733015.54454633
1999-11-10,21.2655,21.2655,20.878,20.9193,20.9193,292050.72593717
1999-11-11,20.9193,21.1723,20.5838,20.6201,20.6201,338293.84950039
1999-11-12,20.6985,21.2144,20.6985,21.0644,21.0644,218838.98870042
1999-11-15,21.0243,21.0644,20.2963,20.7701,20.7701,291421.69956449
1999-11-17,20.9193,20.9849,20.2963,20.5073,20.5073,248782.47912515
1999-11-18,20.47,20.5505,20.2542,20.3621,20.3621,314779.27367232
1999-11-19,20.2963,20.5838,19.9923,20.4357,20.4357,992457.82878131
1999-11-22,20.4239,20.5073,20.1747,20.4023,20.4023,408520.51506904
1999-11-23,20.3621,20.5073,20.1061,20.1061,20.1061,435329.06854726
1999-11-24,20.164,20.6583,20.0668,20.3621,20.3621,566376.56935335
1999-11-26,20.323,20.323,19.6264,19.6264,19.6264,134501.53865154
1999-11-29,19.5931,19.8864,18.7407,19.8864,19.8864,1392979.4120512
1999-11-30,19.8069,19.9178,19.2576,19.7697,19.7697,307250.32754223
1999-12-01,19.445,19.6264,19.2242,19.2576,19.2576,321830.07819982
1999-12-02,19.2576,19.55,18.7005,18.7407,18.7407,319793.13380336
1999-12-03,18.7407,19.8864,18.7005,19.0369,19.0369,821901.96651564
1999-12-06,19.1007,19.1821,18.9261,19.0369,19.0369,1090430.980183
1999-12-07,18.9937,19.7697,18.9261,19.0772,19.0772,476560.37096282
1999-12-08,19.0369,19.445,18.9937,19.0369,19.0369,373715.06877507
1999-12-09,19.0772,19.1007,18.2601,18.6662,18.6662,229027.78864951
1999-12-10,18.6858,19.0369,18.6662,18.8487,18.8487,239530.5920391
1999-12-13,18.7761,18.8888,18.7761,18.8888,18.8888,522330.45038191
1999-12-14,18.8143,19.3322,18.8143,18.9565,18.9565,527348.38847971
1999-12-15,18.9153,19.1389,18.7701,18.7701,18.7701,773934.88250477
1999-12-16,18.832,18.832,18.1728,18.2444,18.2444,839458.63290781
1999-12-17,18.4681,18.7701,18.2444,18.728,18.728,999980.65796125
1999-12-20,18.7701,18.9153,18.318,18.318,18.318,683794.48575684
1999-12-21,18.5808,19.5058,18.1728,19.5058,19.5058,529697.29733329
1999-12-22,19.2841,19.5863,19.2085,19.3567,19.3567,267434.07959229
1999-12-23,19.3979,19.7991,19.2645,19.3567,19.3567,196265.40370214
1999-12-27,19.2085,19.3567,17.8775,17.8775,17.8775,777539.80512033
1999-12-28,18.0187,18.728,17.951,18.2444,18.2444,243450.53758685
1999-12-29,18.1728,18.4681,18.1728,18.4014,18.4014,218371.04201475
1999-12-30,18.4258,18.5456,18.2061,18.4681,18.4681,176197.7292777
1999-12-31,18.5456,18.6142,18.0983,18.5062,18.5062,104709.95248862
2000-01-03,18.318,18.3592,17.951,18.118,18.118,459470.63176464
2000-01-04,17.8775,18.0983,17.649,18.0983,18.0983,671409.70070766
2000-01-05,18.0187,18.5062,18.0187,18.2875,18.2875,473575.29929472
2000-01-06,18.2444,18.6926,18.2061,18.4014,18.4014,816566.96650228
2000-01-07,18.4258,18.7701,18.4014,18.7701,18.7701,430778.05764345
2000-01-10,18.6858,18.8016,18.2444,18.2444,18.2444,501480.82583129
2000-01-11,18.318,18.4014,17.8775,18.0983,18.0983,421221.34254211
2000-01-12,18.0187,18.6858,17.8775,18.2444,18.2444,1072874.3137908
2000-01-13,18.3375,18.5456,17.8363,18.4681,18.4681,222602.95201961
2000-01-14,18.4681,18.7701,18.0187,18.0187,18.0187,357885.42130564
2000-01-18,18.0187,18.2444,17.396,17.4999,17.4999,522486.43261047
2000-01-19,17.6147,18.1728,17.4999,17.7285,17.7285,1103128.7491809
2000-01-20,17.6147,17.9109,17.1742,17.1742,17.1742,487688.12275833
2000-01-21,17.8049,17.9884,17.5833,17.8363,17.8363,945113.65419297
2000-01-24,17.951,17.951,17.5833,17.6265,17.6265,546154.95168372
2000-01-25,17.5833,17.8775,17.4665,17.5431,17.5431,378893.06706819
2000-01-26,17.5833,18.0619,17.5833,17.9884,17.9884,564811.64960931
2000-01-27,17.951,18.0619,17.2163,17.2802,17.2802,276214.9615176
2000-01-28,17.2163,17.2163,16.2473,16.3974,16.3974,382337.92948844
2000-01-31,16.4102,17.4999,16.3149,17.0595,17.0595,431249.06280419
2000-02-01,17.0595,17.8775,16.7652,17.239,17.239,638802.27849716
2000-02-02,17.0938,17.133,16.4632,16.9134,16.9134,369484.1782619
2000-02-03,16.984,17.8049,16.8318,17.4999,17.4999,558547.89266642
2000-02-04,17.4665,18.0983,17.4293,17.7285,17.7285,938061.83017379
2000-02-07,17.7285,17.8158,17.0595,17.0938,17.0938,1082908.1510029
2000-02-08,17.0595,17.649,17.0595,17.0595,17.0595,589890.12568973
2000-02-09,16.984,17.8049,16.984,17.3733,17.3733,795094.43252912
2000-02-10,17.2577,17.2802,17.0938,17.1959,17.1959,674701.63937442
2000-02-11,17.239,17.239,16.9477,17.133,17.133,418392.25310257
2000-02-14,17.133,17.239,17.0212,17.0409,17.0409,530638.28816309
2000-02-15,17.133,17.9109,17.0212,17.9109,17.9109,772208.88307373
2000-02-16,17.8775,18.0619,17.7628,18.0187,18.0187,662471.8170621
2000-02-17,18.0031,18.4258,17.951,18.2444,18.2444,468873.4036208
2000-02-18,18.2875,18.318,17.8049,18.2061,18.2061,839765.49990647
2000-02-22,18.0983,18.6858,17.9884,18.1354,18.1354,570927.58025716
2000-02-23,18.1354,18.6534,18.0983,18.318,18.318,762647.07051394
2000-02-24,18.2875,18.4014,17.9109,17.9109,17.9109,554150.82500778
2000-02-25,17.9109,18.2444,17.649,17.649,17.649,439561.99804382
2000-02-28,17.7501,18.2061,17.7285,17.7628,17.7628,423566.17342893
2000-02-29,17.7501,17.9884,17.7285,17.7285,17.7285,494583.96454896
2000-03-01,17.7285,18.0187,17.6147,18.0187,18.0187,773149.87390353
2000-03-02,17.8775,19.1389,17.8049,18.832,18.832,1097485.8626772
2000-03-03,19.0221,19.1389,18.4014,18.8751,18.8751,404287.58557248
2000-03-06,18.8016,18.9565,17.2163,17.4293,17.4293,581112.30223948
2000-03-07,17.5431,17.5627,16.3149,16.6514,16.6514,613880.80413699
2000-03-08,16.7652,16.8241,15.5803,15.8344,15.8344,513551.60743999
2000-03-09,15.8344,16.6857,15.5382,16.6857,16.6857,981483.00073929
2000-03-10,16.6113,16.6113,15.9481,15.9481,15.9481,748065.28087297
2000-03-13,15.6451,16.3581,15.6451,16.2473,16.2473,581112.30223948
2000-03-14,16.2473,16.3149,15.7293,16.1502,16.1502,436427.06109731
2000-03-15,16.1375,17.133,16.0972,17.0595,17.0595,494112.95938822
2000-03-16,17.1115,19.1389,17.0595,19.0948,19.0948,843220.55724362
2000-03-17,18.9879,19.2841,18.2875,18.4014,18.4014,1164111.683597
2000-03-20,18.1728,19.2085,18.1728,18.9565,18.9565,617482.66827749
2000-03-21,18.9722,20.1012,18.8751,19.3233,19.3233,495835.90034419
2000-03-22,19.4371,19.545,18.9565,19.1389,19.1389,449595.83525604
2000-03-23,19.0625,19.4724,18.6534,19.4371,19.4371,542392.00785621
2000-03-24,19.3233,20.3671,19.0948,20.2963,20.2963,286556.68522018
2000-03-27,19.9923,20.2963,18.982,19.1752,19.1752,279818.86464147
2000-03-28,19.1752,19.9178,18.574,19.7,19.7,535654.18727751
2000-03-29,19.3979,19.9923,19.3567,19.9874,19.9874,732236.65289523
2000-03-30,19.8069,21.187,19.7658,20.9996,20.9996,608077.85743796
2000-03-31,20.9644,22.6721,20.8889,22.4484,22.4484,996063.77088857
2000-04-03,22.366,23.6462,22.27,23.241,23.241,1998393.3377034
2000-04-04,23.0546,23.5362,22.986,23.2978,23.2978,1150945.9679134
2000-04-05,23.241,23.8777,23.0546,23.8393,23.8393,701191.09195369
2000-04-06,23.7991,23.9109,23.7236,23.8393,23.8393,1232303.4437526
2000-04-07,23.7991,23.8777,23.5362,23.8777,23.8777,613404.7015178
2000-04-10,23.6833,24.3229,23.6186,24.0591,24.0591,2173030.2252039
2000-04-11,23.8777,24.3229,23.7991,24.0591,24.0591,695075.16130585
2000-04-12,23.9109,24.0983,23.7991,23.8393,23.8393,515275.56788765
2000-04-13,23.9109,24.3955,23.7991,24.2542,24.2542,722512.74115674
2000-04-14,23.9109,23.9473,23.0546,23.2008,23.2008,355534.47346868
2000-04-17,23.2008,24.1758,22.9713,23.8824,23.8824,559949.69374007
2000-04-18,23.9109,24.3229,23.7236,24.1758,24.1758,550242.09386863
2000-04-19,24.0444,24.1365,23.0546,23.5765,23.5765,247373.54160967
2000-04-20,23.496,24.0247,22.7937,23.9473,23.9473,340953.7033194
2000-04-24,23.8226,24.3229,23.7638,24.3073,24.3073,336253.84662886
2000-04-25,24.0778,25.3303,24.0591,25.0703,25.0703,1111280.6047335
2000-04-26,24.9909,25.138,24.4337,24.4337,24.4337,1168975.6784497
2000-04-27,24.1758,24.1758,23.5019,23.6186,23.6186,578919.37561446
2000-04-28,23.6646,24.2856,23.3548,24.0591,24.0591,604312.87462707
2000-05-01,23.9473,24.9909,23.7991,24.8094,24.8094,783338.67385261
2000-05-02,24.8497,25.8502,24.0983,25.5922,25.5922,1555073.4932905
2000-05-03,25.294,25.294,23.3145,23.6462,23.6462,917996.19473272
2000-05-04,23.6186,23.9473,23.4254,23.6462,23.6462,529697.29733329
2000-05-05,23.9109,24.1758,23.4254,23.8393,23.8393,209119.15492869
2000-05-08,23.6833,23.9884,23.241,23.4254,23.4254,617482.66827749
2000-05-09,23.5019,23.5019,22.8329,23.4254,23.4254,783650.63830974
2000-05-10,23.4254,23.7991,22.7535,22.8643,22.8643,349264.59957566
2000-05-11,23.2498,23.2793,22.3857,22.9399,22.9399,565913.72012612
2000-05-12,22.5337,23.5019,22.5337,23.5019,23.5019,264456.14436602
2000-05-15,23.1273,24.0247,23.1273,24.0247,24.0247,867988.08835861
2000-05-16,23.9109,24.7888,23.5765,24.6986,24.6986,2807596.5157294
2000-05-17,24.3749,24.468,23.6462,23.6833,23.6833,885390.8115056
2000-05-18,23.7638,24.3955,23.7236,24.0591,24.0591,334059.90051213
2000-05-19,23.6462,23.7236,22.7937,23.0939,23.0939,640369.23722458
2000-05-22,23.034,24.0983,22.8643,23.9473,23.9473,387198.86586599
2000-05-23,23.6186,23.7167,23.2008,23.5019,23.5019,423566.17342893
2000-05-24,23.5765,24.2052,23.4655,24.0983,24.0983,697433.24558463
2000-05-25,23.9473,23.9884,22.9399,23.3145,23.3145,275900.9580771
2000-05-26,23.2008,24.0591,23.1273,23.8777,23.8777,589736.18244455
2000-05-30,23.8777,24.5112,23.7638,24.3229,24.3229,478436.23567227
2000-05-31,24.3955,24.468,23.7991,23.958,23.958,581898.33033242
2000-06-01,23.9884,24.0591,23.7236,24.0247,24.0247,475615.30216626
2000-06-02,24.1758,24.3229,24.0247,24.1758,24.1758,271196.00392811
2000-06-05,24.2052,24.3229,22.8329,23.4655,23.4655,237650.64936288
2000-06-06,23.3145,23.3548,22.1258,22.417,22.417,324177.96756171
2000-06-07,21.6363,23.6833,21.4852,23.4655,23.4655,468093.492478
2000-06-08,23.241,23.3145,22.0826,22.4936,22.4936,358669.4104152
2000-06-09,22.6789,22.9045,22.5731,22.6054,22.6054,360081.40640573
2000-06-12,22.5731,22.5731,21.6019,21.6764,21.6764,258968.22059917
2000-06-13,21.5813,22.2306,21.3411,22.1659,22.1659,216641.98410864
2000-06-14,22.06,22.6475,20.778,20.9996,20.9996,257091.33639802
2000-06-15,20.9996,21.9276,20.9644,21.5186,21.5186,1294381.3122438
2000-06-16,21.7824,21.8628,20.6731,21.0811,21.0811,1044969.8067458
2000-06-19,20.9996,21.3008,20.7359,20.7359,20.7359,1103289.8288679
2000-06-20,20.7359,21.187,19.4724,19.6264,19.6264,558225.73329241
2000-06-21,19.7392,20.4474,19.6558,20.2611,20.2611,994648.71642296
2000-06-22,20.2219,20.3738,20.1483,20.2611,20.2611,512458.71234839
2000-06-23,20.2963,20.7848,20.1119,20.5622,20.5622,179181.78145411
2000-06-26,20.5622,21.0105,20.4474,20.8977,20.8977,1106257.5691774
2000-06-27,20.8045,21.2017,20.3367,20.3738,20.3738,455080.70054782
2000-06-28,20.3738,21.3145,20.3738,21.0105,21.0105,376072.13356218
2000-06-29,20.9399,22.0552,19.9178,19.9178,19.9178,550704.94309584
2000-06-30,20.3738,20.3945,18.6063,18.8683,18.8683,909217.35179079
2000-07-03,18.8683,19.545,18.8683,19.2449,19.2449,303492.48117318
2000-07-05,19.3567,20.0335,19.2085,19.7392,19.7392,303177.45824099
2000-07-06,19.7392,19.7697,19.6558,19.7392,19.7392,955776.51777788
2000-07-07,19.8991,20.0757,19.7,19.8864,19.8864,278408.90763432
2000-07-10,19.8472,20.0757,19.5863,19.9609,19.9609,272925.06183422
2000-07-11,20.0208,20.6799,20.0002,20.6799,20.6799,456330.59735967
2000-07-12,20.7701,21.2017,20.6338,21.1556,21.1556,543335.03766939
2000-07-13,21.0517,21.4646,21.0517,21.3528,21.3528,539417.13110502
2000-07-14,21.3861,21.7628,21.3145,21.6873,21.6873,414789.36947038
2000-07-17,21.6127,21.6127,20.8594,21.4646,21.4646,406796.55462139
2000-07-18,21.3145,21.3528,20.7103,21.0105,21.0105,360865.39551528
2000-07-19,20.9928,21.3145,20.6338,20.7103,20.7103,224947.78290644
2000-07-20,20.7496,21.9501,20.7496,21.6363,21.6363,317599.18768664
2000-07-21,21.4646,21.8364,20.5239,20.5985,20.5985,382809.95414087
2000-07-24,20.5239,21.3861,20.4847,20.8251,20.8251,270884.03947099
2000-07-25,20.9712,22.3592,20.7848,21.908,21.908,764522.93522339
2000-07-26,21.9276,22.6682,21.8756,21.8756,21.8756,792900.4864124
2000-07-27,22.3121,22.8153,22.0953,22.8153,22.8153,540512.06517999
2000-07-28,22.7722,22.9938,21.9914,22.3592,22.3592,477963.19152814
2000-07-31,22.211,22.8889,21.9501,22.6682,22.6682,585817.25638848
2000-08-01,22.6682,23.6392,22.5838,23.6049,23.6049,899653.50024762
2000-08-02,23.5215,23.5637,23.3744,23.4882,23.4882,1215062.8197843
2000-08-03,23.4528,24.013,23.3361,23.9727,23.9727,910471.3265694
2000-08-04,23.9413,24.0444,23.2645,24.013,24.013,629715.54906487
2000-08-07,23.9178,23.9178,23.3744,23.8256,23.8256,381242.99541346
2000-08-08,23.7717,23.9041,23.4097,23.8256,23.8256,368704.2671191
2000-08-09,23.752,23.752,22.7338,23.1909,23.1909,150805.24975679
2000-08-10,23.3028,23.6049,22.9938,23.3028,23.3028,241256.59147013
2000-08-11,23.4882,24.0444,23.4715,24.013,24.013,548042.03080177
2000-08-14,23.9727,24.008,23.7089,23.9727,23.9727,257717.30429563
2000-08-15,23.7305,23.7442,22.8153,23.3028,23.3028,597884.9795221
2000-08-16,23.5637,23.9413,23.4097,23.5215,23.5215,418712.37349321
2000-08-17,23.5637,23.9727,23.034,23.9413,23.9413,300043.54078617
2000-08-18,23.7717,24.0444,23.3283,23.8256,23.8256,563083.61119489
2000-08-21,23.8256,24.0444,23.6049,23.9727,23.9727,313525.29889372
2000-08-22,23.9413,23.9727,23.752,23.752,23.752,355062.44881624
2000-08-23,23.7844,23.8256,23.2645,23.5637,23.5637,319320.08965923
2000-08-24,23.5441,23.6049,22.7338,22.93,22.93,179958.63412183
2000-08-25,22.93,23.1076,22.5524,22.5524,22.5524,359610.40124499
2000-08-28,22.6054,23.3067,22.3592,22.8889,22.8889,189365.48394475
2000-08-29,22.8889,22.9938,22.2915,22.5132,22.5132,129802.70145268
2000-08-30,22.4936,23.4097,22.4936,23.1909,23.1909,274491.00106993
2000-08-31,23.1487,23.4097,22.8448,23.3361,23.3361,338132.76981338
2000-09-01,23.3145,23.3361,22.3994,22.8889,22.8889,509316.63896005
2000-09-05,22.9115,23.8256,22.5838,23.6462,23.6462,488935.98058679
2000-09-06,23.5637,23.9041,23.3028,23.6706,23.6706,336409.82885741
2000-09-07,23.6049,23.6519,22.93,23.3361,23.3361,236079.61266871
2000-09-08,23.3028,23.8256,22.8889,23.6706,23.6706,254112.38168006
2000-09-11,23.6519,24.0444,23.6392,24.0444,24.0444,543494.07837302
2000-09-12,23.9727,24.3896,23.8256,24.1277,24.1277,595692.05289708
2000-09-13,24.2739,24.2739,23.8256,23.9727,23.9727,286247.77923814
2000-09-14,23.9178,23.9727,23.6049,23.7089,23.7089,178080.73042898
2000-09-15,23.1487,23.4097,22.626,22.9938,22.9938,999355.70955534
2000-09-18,23.034,23.034,21.4332,22.1709,22.1709,610119.89929287
2000-09-19,22.2513,23.5215,22.2513,23.1772,23.1772,337195.85695034
2000-09-20,23.2645,23.2645,22.4377,22.8722,22.8722,345970.62192551
2000-09-21,22.8448,23.0772,22.2453,22.9643,22.9643,169616.91041925
2000-09-22,22.7937,23.0772,22.3179,22.8889,22.8889,335313.87529075
2000-09-25,22.7338,22.7722,22.1709,22.3179,22.3179,271819.93284235
2000-09-26,22.2453,22.4377,22.0248,22.2032,22.2032,645542.13805925
2000-09-27,21.2655,21.5676,20.4357,21.1939,21.1939,1349246.2770286
2000-09-28,21.1939,21.7893,21.0811,21.548,21.548,511045.69686616
2000-09-29,21.643,22.1709,21.3744,21.4135,21.4135,421059.24336341
2000-10-02,21.3587,21.7216,20.5073,21.643,21.643,328415.99451672
2000-10-03,21.5882,21.6069,20.8182,20.9644,20.9644,414632.36775014
2000-10-04,21.04,21.1478,20.4023,20.5505,20.5505,651971.0526559
2000-10-05,20.8182,20.9251,20.5073,20.8182,20.8182,1106107.7038989
2000-10-06,21.0811,21.4135,20.9251,21.0811,21.0811,705425.04094195
2000-10-09,20.9644,21.0723,20.4769,20.5239,20.5239,257091.33639802
2000-10-10,20.778,20.778,20.1346,20.2896,20.2896,365725.31240115
2000-10-11,20.2896,20.6201,19.7912,20.06,20.06,459934.50048355
2000-10-12,20.0757,20.1699,19.6471,20.06,20.06,475301.29872576
2000-10-13,20.1699,20.4357,20.0256,20.323,20.323,559009.72240196
2000-10-16,20.4023,20.6662,19.8354,20.6662,20.6662,661534.90419907
2000-10-17,20.4023,20.5505,20.2896,20.4769,20.4769,525619.3305736
2000-10-18,20.2474,20.6201,20.1346,20.4415,20.4415,383906.92719924
2000-10-19,20.5073,21.7059,20.4769,21.3744,21.3744,732389.57664872
2000-10-20,21.04,21.643,20.9644,21.0811,21.0811,402560.56664976
2000-10-23,21.2321,21.3459,20.7359,20.8182,20.8182,765780.98796876
2000-10-24,20.8712,21.9424,20.8536,21.6814,21.6814,543809.10130521
2000-10-25,21.7628,22.0953,21.494,21.6814,21.6814,297065.60555991
2000-10-26,21.6284,22.3592,21.1144,21.4578,21.4578,395823.76556275
2000-10-27,21.393,22.4377,21.3087,22.1709,22.1709,330452.9389132
2000-10-30,22.1385,23.0017,22.1385,22.8889,22.8889,585817.25638848
2000-10-31,22.8329,22.8329,22.1709,22.1709,22.1709,429369.12012797
2000-11-01,22.0375,23.0282,22.0248,22.6603,22.6603,292519.69211454
2000-11-02,22.6191,23.3744,22.6191,23.034,23.034,467776.43056244
2000-11-03,22.9439,22.9643,22.5524,22.7338,22.7338,553992.80379585
2000-11-06,22.7338,22.8448,22.472,22.6603,22.6603,178865.73903024
2000-11-07,22.6986,22.7338,21.7001,22.0248,22.0248,622192.71988494
2000-11-08,21.494,22.4377,21.4135,21.8294,21.8294,247529.52383823
2000-11-09,21.7893,22.1385,21.643,21.7216,21.7216,378581.10261108
2000-11-10,21.7628,22.4377,21.7216,22.0248,22.0248,370271.22584651
2000-11-13,21.7628,22.2827,21.2655,21.4135,21.4135,288758.78727041
2000-11-14,21.4255,21.9845,21.393,21.8237,21.8237,309918.33729476
2000-11-15,21.7893,22.0953,21.494,22.0248,22.0248,325119.9778832
2000-11-16,21.9011,22.2453,21.4578,22.1709,22.1709,298002.51842295
2000-11-17,22.0375,22.2453,21.8294,22.1385,22.1385,258503.33238857
2000-11-20,21.9424,22.0248,21.2321,21.6814,21.6814,232790.73247701
2000-11-21,21.8678,21.9845,21.1939,21.6814,21.6814,252541.34498589
2000-11-22,21.4135,21.7893,21.2655,21.2655,21.2655,251285.33122391
2000-11-24,21.1939,21.3087,21.0928,21.1939,21.1939,99228.145671895
2000-11-27,21.1478,21.1478,20.778,20.8045,20.8045,268848.11456622
2000-11-28,20.9251,21.494,20.7359,21.1939,21.1939,424978.16941948
2000-11-29,21.4578,22.3179,21.3459,21.8628,21.8628,567633.60260702
2000-11-30,21.7707,22.1709,21.5676,22.0552,22.0552,909688.35695153
2000-12-01,21.9217,22.7123,21.7893,22.5838,22.5838,420280.35171231
2000-12-04,22.4563,22.9643,22.4377,22.8153,22.8153,559949.69374007
2000-12-05,23.1487,23.5215,22.93,23.3665,23.3665,426079.22044459
2000-12-06,23.1076,23.9041,23.0772,23.9041,23.9041,467305.4254017
2000-12-07,23.7383,23.9041,23.6462,23.7922,23.7922,386259.91401958
2000-12-08,23.8148,24.2052,23.7922,24.013,24.013,1380128.7192997
2000-12-11,23.9806,24.1758,23.7589,24.1758,24.1758,649622.14380232
2000-12-12,24.1365,24.3542,23.7167,24.0444,24.0444,568884.51891055
2000-12-13,24.0021,24.0444,23.4882,23.5637,23.5637,368548.28489054
2000-12-14,23.5843,23.6049,22.6986,22.6986,22.6986,668897.6731837
2000-12-15,22.3592,22.8448,22.2032,22.4377,22.4377,1296262.2744116
2000-12-18,22.5838,23.1487,22.472,23.034,23.034,653385.08762982
2000-12-19,23.0772,23.6775,23.034,23.3744,23.3744,706677.99622886
2000-12-20,23.4598,23.8334,23.1909,23.6462,23.6462,532047.22567857
2000-12-21,23.6128,23.7167,23.343,23.6128,23.6128,639431.30486984
2000-12-22,23.6462,23.6706,23.4176,23.6706,23.6706,376701.15993486
2000-12-26,23.6775,23.7167,23.4176,23.6128,23.6128,350046.54970182
2000-12-27,23.6128,23.8334,23.4176,23.7167,23.7167,319477.09137947
2000-12-28,23.6775,24.0983,23.034,24.0247,24.0247,445986.83467371
2000-12-29,24.0591,24.3229,23.8334,23.9884,23.9884,509161.67622318
2001-01-02,23.9884,24.2121,23.8717,24.0247,24.0247,952481.52063605
2001-01-03,23.9473,25.0046,23.9473,24.9301,24.9301,1260046.8711104
2001-01-04,24.8977,24.9301,24.0983,24.2121,24.2121,1601162.6736086
2001-01-05,24.2121,24.475,23.7167,24.1394,24.1394,758883.10719474
2001-01-08,23.9473,24.5171,23.9473,24.3622,24.3622,518562.40909595
2001-01-09,24.3622,24.3995,23.7922,24.2121,24.2121,648210.14781177
2001-01-10,24.0591,24.5809,24.0247,24.1826,24.1826,520762.47216281
2001-01-11,24.1611,24.2121,23.2645,23.6462,23.6462,723763.65746028
2001-01-12,23.5902,23.7589,22.5779,22.93,22.93,758573.181721
2001-01-16,22.6603,23.1909,22.6603,23.034,23.034,978506.08500472
2001-01-17,23.034,23.034,22.6986,22.7722,22.7722,365254.3072404
2001-01-18,22.6397,22.7338,22.4308,22.4641,22.4641,798543.37291612
2001-01-19,22.3926,22.3926,21.8237,21.9011,21.9011,1044813.8245173
2001-01-22,21.7824,22.8448,21.754,22.5093,22.5093,1194210.1367586
2001-01-23,22.4641,22.6191,22.0884,22.3926,22.3926,952325.53840749
2001-01-24,22.3926,22.4308,22.1709,22.3592,22.3592,839299.59220418
2001-01-25,22.4308,22.6986,22.2827,22.4308,22.4308,595692.05289708
2001-01-26,22.5093,22.5779,22.2032,22.3926,22.3926,473262.31534592
2001-01-29,22.4857,22.5387,22.1709,22.2032,22.2032,635511.35932209
2001-01-30,22.1709,22.2032,21.6764,21.9354,21.9354,888362.62978172
2001-01-31,21.9011,21.9011,21.4852,21.5617,21.5617,630968.50435179
2001-02-01,21.5412,21.9011,21.4499,21.6019,21.6019,369957.22240602
2001-02-02,21.5813,21.8237,21.5617,21.6814,21.6814,394724.75352101
2001-02-05,21.6931,22.3179,21.5617,21.8237,21.8237,348320.55027078
2001-02-06,21.754,22.2453,21.6814,22.0552,22.0552,788823.53914441
2001-02-07,21.8795,22.5093,21.7824,22.4641,22.4641,316971.18080565
2001-02-08,22.5779,22.6191,22.0492,22.3592,22.3592,245488.501475
2001-02-09,22.3857,22.4641,22.0492,22.2453,22.2453,209438.25582764
2001-02-12,22.1316,22.8889,21.8237,22.7338,22.7338,544904.03538019
2001-02-13,22.7722,22.8388,22.4641,22.6603,22.6603,695710.30462867
2001-02-14,22.6986,22.7722,22.1316,22.3592,22.3592,454763.63863226
2001-02-15,22.2453,22.6191,21.9011,22.4641,22.4641,411181.38837975
2001-02-16,22.2239,23.0017,22.2032,22.6338,22.6338,317129.20201759
2001-02-20,22.5447,22.6191,22.0884,22.1709,22.1709,305214.40263746
2001-02-21,22.1512,22.1709,21.2939,21.5617,21.5617,439717.98027238
2001-02-22,21.6363,22.0884,21.0723,21.9786,21.9786,562457.64329728
2001-02-23,21.9276,21.9354,21.0723,21.6284,21.6284,288758.78727041
2001-02-26,21.8237,21.8628,21.3352,21.7138,21.7138,448337.78251068
2001-02-27,21.6363,22.2306,21.6363,22.2032,22.2032,403978.67959044
2001-02-28,22.2032,22.4308,22.0168,22.3179,22.3179,639118.32092103
2001-03-01,22.3454,22.6986,21.5186,22.5965,22.5965,387042.88363743
2001-03-02,22.2827,22.9643,21.8237,22.5093,22.5093,441284.93899979
2001-03-05,22.7338,22.7604,22.3926,22.5779,22.5779,450687.71085595
2001-03-06,22.7535,23.2203,22.3592,22.6603,22.6603,379053.12726351
2001-03-07,22.6397,22.9643,22.6191,22.7338,22.7338,255209.35473843
2001-03-08,22.7338,23.2645,22.6603,23.1076,23.1076,309134.34818522
2001-03-09,23.0772,23.1487,22.6191,22.8153,22.8153,284053.83312142
2001-03-12,22.6603,22.7722,22.4308,22.4641,22.4641,428272.14706961
2001-03-13,22.4308,22.5093,22.0492,22.2453,22.2453,305680.31033975
2001-03-14,22.0492,22.0884,21.138,21.7824,21.7824,392688.82861623
2001-03-15,21.8237,22.3592,21.754,22.1709,22.1709,372465.17196322
2001-03-16,21.6019,22.2827,21.5617,22.0375,22.0375,1094663.9096795
2001-03-19,22.0375,22.2032,21.5617,21.6363,21.6363,330922.92458224
2001-03-20,21.6764,22.0492,21.5186,21.7824,21.7824,442224.91033789
2001-03-21,21.802,21.9914,21.5333,21.7707,21.7707,568256.51202956
2001-03-22,21.7707,21.802,21.2321,21.5333,21.5333,855292.358344
2001-03-23,21.5333,21.9501,21.2655,21.9501,21.9501,408987.44226303
2001-03-26,21.9914,22.5965,21.8501,22.4102,22.4102,346130.68212083
2001-03-27,22.3739,22.5965,21.9501,22.06,22.06,581898.33033242
2001-03-28,22.0305,22.1777,21.651,22.1041,22.1041,762012.94668281
2001-03-29,21.9501,22.5661,21.9158,22.3739,22.3739,466679.45750409
2001-03-30,22.3739,23.3283,22.3739,23.133,23.133,656520.02457634
2001-04-02,23.1027,23.7766,22.8643,23.0232,23.0232,548506.91901237
2001-04-03,23.1027,23.1772,22.5661,22.8643,22.8643,647424.11971885
2001-04-04,22.5965,22.7937,22.528,22.7535,22.7535,518407.44635908
2001-04-05,22.8329,23.3665,22.5661,23.133,23.133,513397.6641948
2001-04-06,23.1134,23.2135,21.9914,22.2169,22.2169,578450.4094371
2001-04-09,22.5337,22.5661,22.0747,22.263,22.263,295183.6239003
2001-04-10,22.2562,22.7535,22.2169,22.5447,22.5447,495519.85792032
2001-04-11,22.5337,22.5661,21.9501,22.2032,22.2032,424823.20668261
2001-04-12,22.2306,22.4043,21.9158,22.2562,22.2562,206301.27989775
2001-04-16,22.1178,22.6191,22.1178,22.5603,22.5603,309918.33729476
2001-04-17,22.417,23.0546,22.3121,22.9516,22.9516,360865.39551528
2001-04-18,23.0017,23.6049,22.7271,23.5569,23.5569,612150.72673919
2001-04-19,23.2008,23.8463,23.1772,23.3607,23.3607,781298.67098108
2001-04-20,22.3316,23.2008,22.3316,22.93,22.93,441752.88568546
2001-04-23,22.8585,23.1193,22.8585,23.1076,23.1076,445197.74810572
2001-04-24,23.1487,23.6392,22.8643,23.1273,23.1273,555715.74475182
2001-04-25,23.0164,23.084,22.7604,22.8525,22.8525,387981.83548386
2001-04-26,22.7604,23.4774,22.7535,22.7604,22.7604,563865.56132107
2001-04-27,22.7869,23.7589,22.7799,23.7589,23.7589,501793.8097801
2001-04-30,23.5637,23.8638,23.396,23.4039,23.4039,433130.02497209
2001-05-01,23.3283,23.8334,23.034,23.7305,23.7305,407579.52423925
2001-05-02,23.6462,23.6646,23.0546,23.5902,23.5902,449437.8140441
2001-05-03,23.6392,23.6392,22.7722,23.5637,23.5637,389080.84752559
2001-05-04,23.5441,24.2385,23.4774,24.2238,24.2238,593498.10678036
2001-05-07,24.0778,24.1993,23.7236,23.9413,23.9413,186077.62324475
2001-05-08,23.8393,23.8894,23.5569,23.8393,23.8393,599929.06036039
2001-05-09,23.8393,23.9658,23.6392,23.9345,23.9345,576565.36930244
2001-05-10,23.9041,24.0374,23.8148,23.9473,23.9473,639739.1913602
2001-05-11,23.9345,24.1944,23.8777,24.0718,24.0718,383594.96274212
2001-05-14,24.0658,24.1209,23.6324,24.0317,24.0317,365569.33017259
2001-05-15,23.8256,24.2739,23.8256,24.2739,24.2739,423096.18775987
2001-05-16,24.1062,24.5466,24.1062,24.5112,24.5112,849178.46667953
2001-05-17,24.5809,24.7093,24.5112,24.5466,24.5466,776282.77186666
2001-05-18,24.6564,24.7644,24.2739,24.5348,24.5348,457586.61112166
2001-05-21,24.5229,24.8497,24.5112,24.8497,24.8497,452257.72805844
2001-05-22,24.8497,24.9301,24.4818,24.8497,24.8497,478276.17547695
2001-05-23,24.8438,24.8497,24.4259,24.5809,24.5809,516216.55871744
2001-05-24,24.5809,24.8977,24.5034,24.6829,24.6829,270570.0360305
2001-05-25,24.6201,24.9977,24.475,24.9977,24.9977,385003.90025759
2001-05-29,24.9909,25.599,24.8771,25.1332,25.1332,651813.03144396
2001-05-30,25.2381,25.6049,24.9183,25.3509,25.3509,317287.22322953
2001-05-31,25.4273,25.7942,25.4215,25.6246,25.6246,903258.42286319
2001-06-01,25.6334,25.7011,25.3009,25.4333,25.4333,578608.43064904
2001-06-04,25.4872,25.4961,24.9752,25.294,25.294,773461.83836064
2001-06-05,25.1841,25.452,25.138,25.3361,25.3361,720949.86039608
2001-06-06,25.2234,25.4401,24.9752,25.3361,25.3361,455240.76074315
2001-06-07,25.3656,25.3724,25.1203,25.1773,25.1773,245803.5244072
2001-06-08,25.1841,25.3989,24.8771,25.3146,25.3146,318694.12176162
2001-06-11,25.3146,25.5,25.2302,25.4273,25.4273,275585.93514491
2001-06-12,25.4587,25.7688,25.2175,25.7609,25.7609,261006.18448733
2001-06-13,25.7736,26.1768,25.6932,26.0433,26.0433,386882.82344212
2001-06-14,26.0433,26.0433,25.343,25.5177,25.5177,459314.64953607
2001-06-15,25.343,25.4401,25.1703,25.1841,25.1841,1004060.6637043
2001-06-18,25.2528,25.2528,24.8497,24.8771,24.8771,425607.19579216
2001-06-19,25.038,25.0968,24.6201,24.9977,24.9977,608702.80584387
2001-06-20,25.1203,25.3656,24.8497,25.192,25.192,786314.5700955
2001-06-21,25.192,25.2459,24.4955,25.0703,25.0703,908120.37873243
2001-06-22,25.1282,25.1282,24.4897,24.6064,24.6064,898870.53062976
2001-06-25,24.6014,24.8497,24.4603,24.4897,24.4897,251441.31345247
2001-06-26,24.4897,24.9821,24.4259,24.9535,24.9535,346908.55428023
2001-06-27,24.9046,24.9104,24.3995,24.728,24.728,446925.78652013
2001-06-28,24.5279,25.038,24.5229,24.8497,24.8497,378423.08139914
2001-06-29,24.7025,24.8438,20.8369,24.2121,24.2121,867832.10613005
2001-07-02,24.3229,24.7644,24.0835,24.7369,24.7369,990890.8700539
2001-07-03,24.728,24.8977,24.7025,24.8771,24.8771,258028.24926106
2001-07-05,24.9046,24.9821,24.4955,24.6368,24.6368,434852.96592806
2001-07-06,24.6564,24.676,23.857,23.8638,23.8638,365410.28946896
2001-07-09,23.8463,24.3337,23.7922,24.2631,24.2631,365883.33361308
2001-07-10,24.1944,24.2121,23.7305,23.8717,23.8717,277939.94145695
2001-07-11,23.8463,23.9266,23.4715,23.8334,23.8334,532831.21478811
2001-07-12,23.8393,24.0317,23.6589,24.0317,24.0317,710133.05356601
2001-07-13,23.6324,24.0591,23.6255,24.0374,24.0374,245331.49975476
2001-07-16,24.0374,24.3749,24.0021,24.2788,24.2788,595537.09016021
2001-07-17,24.3337,24.3818,23.9521,24.2631,24.2631,489409.02473091
2001-07-18,24.2631,24.367,24.0835,24.367,24.367,512140.63094113
2001-07-19,24.3749,24.4603,24.2856,24.367,24.367,586443.2242861
2001-07-20,24.2944,24.367,23.5902,23.6961,23.6961,637705.3054388
2001-07-23,23.752,23.9727,23.5019,23.5166,23.5166,358043.44251758
2001-07-24,23.5362,24.0915,23.3488,23.5215,23.5215,477182.26089367
2001-07-25,23.6589,24.1826,23.4176,24.0021,24.0021,378734.02636457
2001-07-26,23.7442,24.1826,23.7305,24.115,24.115,721886.77325913
2001-07-27,24.115,24.1758,23.5362,23.7991,23.7991,310544.30519237
2001-07-30,23.6589,23.9041,23.5902,23.7766,23.7766,464485.51138738
2001-07-31,23.7383,24.1611,23.7383,24.1542,24.1542,526090.33573434
2001-08-01,23.9953,24.1944,23.8148,24.1944,24.1944,348798.69187336
2001-08-02,24.1944,24.1944,23.5215,23.5362,23.5362,602124.0259688
2001-08-03,23.7442,23.9884,22.9643,23.9109,23.9109,934769.89150702
2001-08-06,23.7717,24.2542,23.5362,23.6324,23.6324,426389.14591833
2001-08-07,23.5441,24.2739,23.5441,24.1875,24.1875,395511.80110563
2001-08-08,24.0658,24.4603,24.0444,24.1826,24.1826,392846.84982817
2001-08-09,24.1209,24.4897,23.9521,24.3542,24.3542,413385.52941336
2001-08-10,24.2121,24.5553,24.0591,24.4495,24.4495,205201.24836432
2001-08-13,24.418,24.5416,24.2739,24.4053,24.4053,185292.61464351
2001-08-14,24.6623,24.9498,24.6201,24.8497,24.8497,387981.83548386
2001-08-15,24.8849,25.0262,24.629,24.7221,24.7221,386416.91573982
2001-08-16,24.5466,25.0488,24.5229,25.0488,25.0488,474046.30445547
2001-08-17,24.9821,25.4068,24.9183,25.2783,25.2783,530324.28472259
2001-08-20,25.2714,25.6246,25.1773,25.5558,25.5558,548819.90296118
2001-08-21,25.5598,25.7206,25.3146,25.5255,25.5255,387042.88363743
2001-08-22,25.5411,25.7138,25.2459,25.5862,25.5862,349106.57836371
2001-08-23,25.5481,25.7138,25.4333,25.4333,25.4333,252541.34498589
2001-08-24,25.4872,25.8679,25.3794,25.8237,25.8237,268533.09163402
2001-08-27,25.7883,25.8679,25.4715,25.5343,25.5343,356320.50156161
2001-08-28,25.6246,25.6246,25.0046,25.1773,25.1773,567478.63987015
2001-08-29,25.038,25.2714,24.8438,24.9046,24.9046,261634.19136831
2001-08-30,24.9977,25.4126,24.7761,24.9104,24.9104,354755.58181757
2001-08-31,24.9438,25.0341,24.4259,24.5229,24.5229,498815.87455384
2001-09-04,24.5348,24.8241,24.4053,24.5279,24.5279,443482.96308326
2001-09-05,24.3896,24.9498,24.0915,24.8438,24.8438,423413.24967544
2001-09-06,24.7221,24.728,23.8638,24.0021,24.0021,410405.55520371
2001-09-07,23.8894,24.008,23.6255,23.8894,23.8894,316032.22895923
2001-09-10,23.4461,24.6143,23.4371,24.4543,24.4543,714833.92974824
2001-09-17,22.4239,24.5229,21.0644,23.9953,23.9953,1047950.8004472
2001-09-18,23.9266,24.3073,23.7766,23.9658,23.9658,491762.01155126
2001-09-19,24.2385,24.3425,23.5706,23.85,23.85,719068.89822818
2001-09-20,23.8962,24.008,23.5215,23.6462,23.6462,544276.02849919
2001-09-21,23.4528,23.5362,22.7535,22.9781,22.9781,865322.11758947
2001-09-24,23.4774,23.7236,23.1076,23.2793,23.2793,505244.78915049
2001-09-25,23.2341,23.4655,23.0017,23.3067,23.3067,1197029.0312813
2001-09-26,23.3901,23.4598,23.1076,23.3067,23.3067,618579.64133585
2001-09-27,23.3488,24.6505,23.3283,24.5857,24.5857,517938.48018172
2001-09-28,24.6908,25.8422,24.6505,25.6549,25.6549,962355.29765296
2001-10-01,25.7069,25.7069,24.7417,24.9625,24.9625,837577.6707399
2001-10-02,24.9625,25.138,24.7221,25.0488,25.0488,1276508.6034277
2001-10-03,24.7221,26.1336,24.7221,25.7688,25.7688,791644.47265042
2001-10-04,25.7521,26.4572,25.5558,26.1287,26.1287,979919.10048694
2001-10-05,26.0375,26.0433,25.038,25.2714,25.2714,1324007.7407529
2001-10-08,25.0488,25.2528,24.2052,24.4495,24.4495,616072.71127033
2001-10-09,24.5279,24.7761,24.0247,24.0511,24.0511,1254560.9863269
2001-10-10,24.0778,24.3425,23.8824,24.0915,24.0915,1892740.3554016
2001-10-11,24.013,24.3995,23.8824,24.2238,24.2238,1321024.7080681
2001-10-12,24.1062,24.1826,23.6589,23.9953,23.9953,541922.02218717
2001-10-15,24.0444,24.5348,23.8824,24.2788,24.2788,701504.07590249
2001-10-16,24.3425,24.5809,23.7638,24.3151,24.3151,541299.11276462
2001-10-17,24.3425,24.3995,23.6646,23.8962,23.8962,528446.38102976
2001-10-18,23.85,24.1277,23.034,23.6128,23.6128,421059.24336341
2001-10-19,23.7589,23.7638,23.084,23.3145,23.3145,562616.68400091
2001-10-22,23.1134,24.5416,23.1076,24.3896,24.3896,338449.83172895
2001-10-23,24.3288,24.5112,23.2498,23.4598,23.4598,415103.37291088
2001-10-24,23.8226,24.1875,23.4461,23.8226,23.8226,392058.78275185
2001-10-25,23.7922,24.4495,22.9045,24.008,24.008,642405.16212935
2001-10-26,23.9658,24.3288,23.6589,23.9727,23.9727,333121.96815741
2001-10-29,23.9473,23.9806,23.4655,23.702,23.702,251910.27962983
2001-10-30,23.3901,23.5441,23.084,23.1487,23.1487,360393.37086285
2001-10-31,23.1193,23.3607,22.8329,22.93,22.93,565282.65477006
2001-11-01,22.8722,24.0317,22.8448,23.9345,23.9345,458684.60367171
2001-11-02,23.8463,24.5809,23.7922,24.4259,24.4259,706994.03865273
2001-11-05,24.3475,25.1115,24.3425,24.9369,24.9369,408987.44226303
2001-11-06,24.9369,25.2381,24.569,25.0262,25.0262,439561.99804382
2001-11-07,25.038,25.4784,24.7417,25.3361,25.3361,827853.75900141
2001-11-08,25.3901,25.3901,24.0658,24.1209,24.1209,540823.01014542
2001-11-09,24.0983,24.1826,23.7305,23.8148,23.8148,366193.25908682
2001-11-12,23.7922,24.0658,23.0105,24.0247,24.0247,293301.64224071
2001-11-13,24.0247,24.0658,23.5294,23.9521,23.9521,530166.26351066
2001-11-14,24.0021,24.008,23.4461,23.7844,23.7844,401000.74436417
2001-11-15,23.85,24.1993,23.6392,23.702,23.702,498343.84990141
2001-11-16,23.7844,24.0915,23.6903,23.8069,23.8069,390184.95702578
2001-11-19,23.8824,24.7369,23.7766,24.7221,24.7221,434382.98025901
2001-11-20,24.6064,24.9438,24.3818,24.4603,24.4603,481262.26663675
2001-11-21,24.4053,24.8849,24.367,24.8369,24.8369,310231.32124357
2001-11-23,24.7888,25.3009,24.7888,25.0772,25.0772,175571.76138009
2001-11-26,25.0645,25.3509,24.8497,24.8682,24.8682,959379.40141007
2001-11-27,25.0262,25.0262,24.5171,24.6143,24.6143,556972.7780055
2001-11-28,24.5279,24.5809,24.2739,24.3622,24.3622,451003.75327982
2001-11-29,24.3288,24.475,23.8824,24.1542,24.1542,771422.8549808
2001-11-30,24.1758,24.1826,23.7442,23.7766,23.7766,751666.12552177
2001-12-03,23.752,24.0374,23.7236,23.857,23.857,752455.21208977
2001-12-04,23.7589,24.1944,23.2645,23.857,23.857,1322595.7447622
2001-12-05,23.8638,24.0658,23.85,23.8962,23.8962,403034.63028557
2001-12-06,23.9413,24.0591,23.6324,23.702,23.702,586914.22944684
2001-12-07,23.6186,23.752,23.4254,23.5215,23.5215,660119.84973345
2001-12-10,23.4882,23.6646,23.1772,23.2253,23.2253,634882.33294941
2001-12-11,23.2135,23.4039,22.9713,23.0232,23.0232,554150.82500778
2001-12-12,23.2567,23.4812,23.1567,23.2498,23.2498,569984.55044398
2001-12-13,23.2498,23.2567,22.7408,22.8074,22.8074,361492.38290459
2001-12-14,22.8643,23.1076,22.7722,22.8221,22.8221,326060.96871301
2001-12-17,22.8153,22.8722,22.3926,22.6721,22.6721,988699.98241226
2001-12-18,22.7408,23.343,22.5838,23.2135,23.2135,575162.5487371
2001-12-19,23.3901,23.5362,23.0282,23.1076,23.1076,646958.21201655
2001-12-20,23.241,23.3361,22.986,23.1193,23.1193,690223.4003535
2001-12-21,23.3028,23.3283,23.0232,23.034,23.034,1124918.3450696
2001-12-24,23.089,23.3145,23.0546,23.1704,23.1704,386727.86070525
2001-12-26,23.1193,23.4598,23.0939,23.241,23.241,203164.30396785
2001-12-27,23.1704,23.5294,23.0546,23.4812,23.4812,234832.77433193
2001-12-28,23.5499,23.7991,23.5078,23.6392,23.6392,304744.4169684
2001-12-31,23.6706,24.0591,23.6128,23.6462,23.6462,543180.07493252
2002-01-02,23.5765,23.752,23.2724,23.4655,23.4655,1137617.1335593
2002-01-03,23.4598,23.5441,23.133,23.3832,23.3832,528291.41829289
2002-01-04,23.3361,23.5902,23.3204,23.4655,23.4655,754962.1421553
2002-01-07,23.4598,23.5166,23.0232,23.0939,23.0939,576884.47020138
2002-01-08,23.1076,23.1134,22.6544,22.7652,22.7652,446455.80085109
2002-01-09,22.7722,23.3548,22.6603,22.7465,22.7465,861086.12961783
2002-01-10,22.7722,23.1487,22.6544,22.9643,22.9643,557600.78488649
2002-01-11,23.089,23.1076,22.8074,22.9643,22.9643,291732.64452991
2002-01-14,22.93,22.986,22.6986,22.7799,22.7799,415419.41533476
2002-01-15,22.9399,23.2498,22.9242,23.2341,23.2341,627362.56224454
2002-01-16,23.2253,23.4176,23.0017,23.084,23.084,379676.03668605
2002-01-17,23.0487,23.3901,22.9349,23.1841,23.1841,380616.00802416
2002-01-18,22.9586,23.3744,22.9349,23.0939,23.0939,418236.27087401
2002-01-22,23.0939,23.3607,22.9115,23.0105,23.0105,428901.1734423
2002-01-23,23.0693,23.2724,22.9516,23.1027,23.1027,487688.12275833
2002-01-24,23.1076,23.6128,23.0232,23.5902,23.5902,485804.10211535
2002-01-25,23.5569,24.1542,23.4655,23.8894,23.8894,486432.10899634
2002-01-28,23.7442,23.9884,23.5499,23.6324,23.6324,491762.01155126
2002-01-29,23.7766,24.1394,23.089,23.2203,23.2203,730817.52046286
2002-01-30,23.1841,23.5215,22.8221,23.3067,23.3067,447396.79168087
2002-01-31,23.2498,23.8717,23.1841,23.857,23.857,606820.82418428
2002-02-01,23.6462,24.1875,23.6255,23.8962,23.8962,339388.78357536
2002-02-04,23.8824,24.0247,23.5961,23.6128,23.6128,379833.0384063
2002-02-05,23.5019,23.9178,23.396,23.5961,23.5961,355534.47346868
2002-02-06,23.5902,23.7766,23.0546,23.5902,23.5902,675482.5700089
2002-02-07,23.6186,23.958,23.4313,23.7766,23.7766,398172.67441633
2002-02-08,23.7766,24.0317,23.5902,24.0021,24.0021,557755.74762336
2002-02-11,23.9727,24.1826,23.8148,23.9884,23.9884,352715.57894604
2002-02-12,23.9884,24.0247,23.7766,23.8824,23.8824,317599.18768664
2002-02-13,23.8824,24.5171,23.7991,24.4102,24.4102,308503.28282915
2002-02-14,24.4495,24.7153,24.2317,24.5809,24.5809,267746.04404941
2002-02-15,24.4543,24.5229,24.1062,24.3023,24.3023,303177.45824099
2002-02-19,24.2788,24.4102,23.8894,24.013,24.013,280602.85375103
2002-02-20,24.1944,24.6701,23.9806,24.5553,24.5553,387668.85153506
2002-02-21,24.576,24.5809,23.7991,23.8638,23.8638,469026.32737429
2002-02-22,23.9109,24.1758,23.5499,24.0444,24.0444,680656.49033526
2002-02-25,24.0915,24.4897,23.8894,24.3818,24.3818,623438.53873002
2002-02-26,24.3288,24.6427,24.1394,24.5171,24.5171,454922.67933589
2002-02-27,24.5416,24.9752,24.3896,24.8977,24.8977,582368.31600147
2002-02-28,24.9183,25.3194,24.7888,24.9183,24.9183,578608.43064904
2002-03-01,24.9821,25.2097,24.7644,25.1203,25.1203,375760.16910505
2002-03-04,25.1282,25.7688,25.1203,25.4401,25.4401,654789.94717854
2002-03-05,25.3851,25.9207,25.3851,25.8559,25.8559,913136.27784685
2002-03-06,25.9002,26.0894,25.7393,26.0375,26.0375,843688.5039293
2002-03-07,26.2847,26.3357,25.3361,25.6549,25.6549,1017537.3243534
2002-03-08,25.6549,26.162,25.6334,25.6549,25.6549,490348.99606903
2002-03-11,25.8158,26.0894,25.5862,25.8619,25.8619,539734.19302059
2002-03-12,25.8422,26.057,25.5598,25.9943,25.9943,406796.55462139
2002-03-13,26.0894,26.0894,25.7521,25.8679,25.8679,357573.45684852
2002-03-14,25.962,26.2337,25.7206,26.0964,26.0964,633626.31918743
2002-03-15,26.2915,26.5779,26.1552,26.3995,26.3995,1019731.2704702
2002-03-18,26.4572,26.525,26.057,26.316,26.316,305371.4043577
2002-03-19,26.316,26.6045,26.2248,26.4572,26.4572,272291.95749478
2002-03-20,26.4572,26.525,26.1336,26.3701,26.3701,407267.55978213
2002-03-21,26.4435,26.6653,26.2847,26.4789,26.4789,533610.10643922
2002-03-22,26.5712,26.6113,26.3229,26.4572,26.4572,382494.93120869
2002-03-25,26.3701,26.6653,25.907,25.9512,25.9512,535185.22110015
2002-03-26,25.9433,26.4435,25.9207,26.3042,26.3042,440497.89141516
2002-03-27,26.2768,26.6849,26.218,26.5849,26.5849,465734.38870752
2002-03-28,26.4505,27.3156,26.3925,27.2009,27.2009,901850.50483941
2002-04-01,27.3028,27.3028,26.6967,27.0419,27.0419,446765.72632482
2002-04-02,26.9723,27.6011,26.885,27.3763,27.3763,554937.8725924
2002-04-03,27.3686,27.4744,27.0065,27.0586,27.0586,790231.45716819
2002-04-04,27.0861,27.6295,27.0861,27.4883,27.4883,745248.42533372
2002-04-05,27.6295,27.8571,27.4744,27.5941,27.5941,384848.93752072
2002-04-08,27.4744,27.7579,27.3686,27.6452,27.6452,643976.19882353
2002-04-09,27.6011,28.0649,27.5941,27.9629,27.9629,651813.03144396
2002-04-10,28.011,28.7545,27.9022,28.5761,28.5761,773777.88078451
2002-04-11,28.6123,28.6123,28.1896,28.2317,28.2317,716244.90624709
2002-04-12,28.219,28.727,28.1699,28.4995,28.4995,609178.90846307
2002-04-15,28.6211,28.6211,28.0729,28.2406,28.2406,661062.87954664
2002-04-16,28.4004,28.6084,28.3455,28.5192,28.5192,399271.68645807
2002-04-17,28.524,28.9242,28.4151,28.8369,28.8369,607764.87348915
2002-04-18,28.8663,29.1077,28.219,28.7388,28.7388,533456.16319404
2002-04-19,29.0253,29.0567,28.6015,28.6123,28.6123,443165.9011677
2002-04-22,28.6899,28.829,28.3328,28.4612,28.4612,472480.36521974
2002-04-23,28.5613,28.88,28.3641,28.4691,28.4691,482669.16516883
2002-04-24,28.4612,28.8104,28.373,28.4995,28.4995,446455.80085109
2002-04-25,28.5192,29.0174,28.3514,28.6946,28.6946,705267.01973001
2002-04-26,28.7967,29.0037,28.6899,28.7829,28.7829,553362.75793148
2002-04-29,28.9027,29.1507,28.5319,28.5672,28.5672,675955.61415302
2002-04-30,28.6015,29.4264,28.5319,29.1911,29.1911,648053.14609152
2002-05-01,29.2626,29.3842,28.6398,29.3048,29.3048,789450.52653371
2002-05-02,29.2244,29.345,28.8536,29.2685,29.2685,705581.0231705
2002-05-03,29.2499,29.2911,28.6751,29.0968,29.0968,541769.09843367
2002-05-06,29.0507,29.4627,28.9498,29.1028,29.1028,502109.85220397
2002-05-07,29.1361,29.3048,28.6545,28.6613,28.6613,452728.73321918
2002-05-08,28.9369,29.2764,28.7133,29.1654,29.1654,696028.38603592
2002-05-09,29.2499,29.2911,28.9027,29.0253,29.0253,389080.84752559
2002-05-10,29.0301,29.1028,28.4731,28.5534,28.5534,470129.41738279
2002-05-13,28.6015,28.731,28.4485,28.4995,28.4995,752455.21208977
2002-05-14,28.4935,28.7702,28.3798,28.421,28.421,1733780.1916171
2002-05-15,28.5319,28.6211,28.1846,28.3191,28.3191,1655248.7467424
2002-05-16,28.4612,28.4995,27.8785,28.0796,28.0796,749478.2963552
2002-05-17,28.1572,28.2249,27.8865,28.1327,28.1327,692882.23468082
2002-05-20,28.0983,28.0983,27.5697,27.8217,27.8217,385160.90197784
2002-05-21,27.7579,28.0326,27.4274,27.6158,27.6158,469184.34858623
2002-05-22,27.6011,28.0395,27.5107,27.9149,27.9149,453980.6690144
2002-05-23,27.9306,28.1405,27.8139,28.0395,28.0395,391591.85555788
2002-05-24,28.0395,28.1699,27.8785,28.0257,28.0257,520605.47044256
2002-05-28,28.0395,28.1974,27.7922,28.0395,28.0395,558225.73329241
2002-05-29,28.0729,28.3514,27.9188,28.0915,28.0915,530324.28472259
2002-05-30,28.2062,28.373,27.7727,28.2934,28.2934,645073.17188187
2002-05-31,28.1464,28.3514,28.0866,28.272,28.272,810927.13847362
2002-06-03,28.272,28.3798,27.7305,27.7491,27.7491,542863.01301695
2002-06-04,27.7491,28.0326,27.1655,27.8433,27.8433,625631.46535505
2002-06-05,27.7855,28.0866,27.5941,28.0601,28.0601,418392.25310257
2002-06-06,27.908,28.1777,27.8433,27.9423,27.9423,543963.04455038
2002-06-07,27.8433,28.165,27.7246,28.0601,28.0601,545531.02276949
2002-06-10,28.1699,28.3641,27.9355,28.1846,28.1846,346908.55428023
2002-06-11,28.1777,28.3191,27.5873,27.7178,27.7178,447081.76874869
2002-06-12,27.7855,27.9188,27.4676,27.7727,27.7727,621560.63503719
2002-06-13,27.6775,27.7579,27.0527,27.141,27.141,496460.84875011
2002-06-14,27.0272,27.7785,26.5907,27.398,27.398,578294.42720855
2002-06-17,27.6637,28.4798,27.55,28.4798,28.4798,495835.90034419
2002-06-18,28.3798,28.6486,28.2406,28.5446,28.5446,502109.85220397
2002-06-19,28.4798,28.6211,28.1896,28.2111,28.2111,520605.47044256
2002-06-20,28.165,28.6211,28.0915,28.524,28.524,622345.64363842
2002-06-21,27.4087,28.7899,27.4087,28.5838,28.5838,1377929.6757245
2002-06-24,28.6486,28.9164,28.3563,28.6751,28.6751,670308.64968255
2002-06-25,28.9556,29.0674,28.524,28.5908,28.5908,520920.49337475
2002-06-26,28.2934,28.3563,27.8217,28.2563,28.2563,642250.19939248
2002-06-27,28.3004,28.5534,27.9963,28.5192,28.5192,724550.7050449
2002-06-28,28.5122,29.2979,28.3935,29.1292,29.1292,997160.74394693
2002-07-01,29.244,29.3234,28.9027,29.0567,29.0567,725806.71880688
2002-07-02,28.8429,28.88,28.0649,28.1405,28.1405,1531716.9386744
2002-07-03,28.1699,28.1974,27.4087,27.6011,27.6011,829112.83123848
2002-07-05,27.5431,28.0601,27.4676,27.5304,27.5304,581267.26497635
2002-07-08,27.5373,27.6697,27.2009,27.4813,27.4813,1074759.3539254
2002-07-09,27.4157,27.5764,26.5907,26.6309,26.6309,671251.67949572
2002-07-10,26.8526,26.8604,25.8158,25.907,25.907,721415.76809838
2002-07-11,25.8502,25.9433,25.1203,25.3509,25.3509,1674839.299056
2002-07-12,25.3194,25.6688,25.1703,25.2302,25.2302,915642.18842068
2002-07-15,25.2586,25.447,24.5809,25.0115,25.0115,1339369.4415367
2002-07-16,25.0046,25.2459,24.5348,24.576,24.576,1018479.3346749
2002-07-17,25.0115,25.192,24.0591,24.3995,24.3995,902470.35578688
2002-07-18,24.2944,24.6014,23.3283,23.4715,23.4715,915016.22052307
2002-07-19,23.2861,23.9413,23.1134,23.3145,23.3145,1125232.3485101
2002-07-22,23.1909,23.9109,22.528,23.0772,23.0772,1153140.9335217
2002-07-23,22.9781,23.3901,22.1316,22.3179,22.3179,940411.75851905
2002-07-24,22.1316,22.9516,21.4195,22.8643,22.8643,1668727.4463748
2002-07-25,22.9586,23.1273,21.6647,22.2366,22.2366,1848689.1389718
2002-07-26,22.4102,23.7844,22.211,23.7766,23.7766,977409.11194636
2002-07-29,23.9109,25.1203,23.6833,25.0341,25.0341,941356.82731561
2002-07-30,25.0703,25.4872,24.2788,24.8682,24.8682,800897.37922816
2002-07-31,24.8889,25.192,24.5809,25.0968,25.0968,828324.76416215
2002-08-01,24.9625,25.2861,24.5857,24.8889,24.8889,958911.4547244
2002-08-02,24.9821,25.0341,23.8393,24.0511,24.0511,710133.05356601
2002-08-05,23.9521,24.2542,23.1949,23.3548,23.3548,716395.7910172
2002-08-06,23.4254,24.2238,23.4176,23.5569,23.5569,685050.49951883
2002-08-07,23.702,24.2455,23.4176,23.9727,23.9727,607764.87348915
2002-08-08,23.9806,24.9104,23.8962,24.8889,24.8889,661534.90419907
2002-08-09,24.7691,25.1596,24.3995,24.8682,24.8682,458998.6071122
2002-08-12,24.7838,24.9535,24.3749,24.7691,24.7691,344563.72339341
2002-08-13,24.7888,24.9909,24.0658,24.0718,24.0718,549137.98436843
2002-08-14,24.0591,24.9104,23.8824,24.7888,24.7888,622345.64363842
2002-08-16,24.8497,25.2586,24.8497,24.9752,24.9752,453356.74010017
2002-08-19,25.1332,25.5108,24.8438,25.3794,25.3794,352874.61964966
2002-08-20,25.3724,25.3724,24.8497,25.1203,25.1203,384535.95357192
2002-08-21,25.1203,25.3851,24.7417,25.0772,25.0772,469026.32737429
2002-08-22,25.1203,25.8021,25.0556,25.7442,25.7442,513864.59138879
2002-08-23,25.7206,25.7393,25.1998,25.4587,25.4587,676113.63536497
2002-08-26,25.5411,25.6177,25.0556,25.5048,25.5048,308038.39461854
2002-08-27,25.5411,25.6688,24.9369,25.0772,25.0772,480786.16401755
2002-08-28,24.9535,25.1282,24.367,24.7644,24.7644,629869.49231006
2002-08-29,24.7221,24.9301,24.3151,24.6014,24.6014,899496.49852737
2002-08-30,24.5809,25.1449,24.4495,24.8682,24.8682,483767.15771888
2002-09-03,24.7153,24.8094,23.9884,24.0317,24.0317,619833.61611446
2002-09-04,24.0835,24.7093,23.6706,24.6701,24.6701,616230.73248227
2002-09-05,24.5112,24.5112,23.9178,24.3425,24.3425,634254.32606842
2002-09-06,24.3542,24.6564,24.0511,24.1474,24.1474,853567.37840465
2002-09-09,24.0983,24.3542,23.9806,24.2121,24.2121,733330.56747851
2002-09-10,24.3475,24.3542,23.6833,23.8069,23.8069,918779.16435058
2002-09-11,23.8894,23.9953,23.3665,23.4774,23.4774,906082.41484427
2002-09-12,23.5215,23.5294,22.9439,23.0164,23.0164,1025533.1976775
2002-09-13,22.9439,23.2724,22.8448,23.0693,23.0693,1270553.7524668
2002-09-17,23.0693,23.4371,22.8388,22.9938,22.9938,875198.95308144
2002-09-18,22.8261,23.3607,22.5447,23.1567,23.1567,948721.63528362
2002-09-19,23.1487,23.2978,22.8074,22.8448,22.8448,683323.4805961
2002-09-20,23.0772,23.241,22.6397,22.7123,22.7123,1189978.2267537
2002-09-23,22.7869,23.0232,22.4857,22.7604,22.7604,654323.01998454
2002-09-24,22.6544,22.9399,22.1512,22.2827,22.2827,725806.71880688
2002-09-25,22.2513,22.8889,22.2032,22.7535,22.7535,921444.11562804
2002-09-26,22.7937,23.5569,22.7271,23.5569,23.5569,709190.02375283
2002-09-27,23.4882,23.496,22.6054,22.6789,22.6789,675643.64969591
2002-09-30,22.5838,22.6868,21.9011,22.4102,22.4102,916272.23428505
2002-10-01,22.5014,23.5765,22.3513,23.5765,23.5765,886957.77023301
2002-10-02,23.5166,23.6186,22.4426,22.4936,22.4936,930379.9602902
2002-10-03,22.5524,22.8261,22.0747,22.0826,22.0826,934144.9431011
2002-10-04,22.0552,22.5731,21.3087,21.6019,21.6019,724237.72109608
2002-10-07,21.4135,22.0669,21.1802,21.2321,21.2321,764685.03440209
2002-10-08,21.3008,22.2032,21.2939,21.7343,21.7343,1298296.160333
2002-10-09,21.6873,21.7343,20.5505,20.5897,20.5897,1544570.689901
2002-10-10,20.5368,21.4803,20.4298,21.0987,21.0987,1540652.7833365
2002-10-11,21.1223,21.7216,21.1144,21.3145,21.3145,1340626.4747903
2002-10-14,21.3087,21.6697,21.2017,21.3793,21.3793,759826.13700792
2002-10-15,21.5882,22.5731,21.548,22.4102,22.4102,1116140.5216194
2002-10-16,22.3316,22.5524,22.1777,22.2827,22.2827,956402.48567549
2002-10-17,22.3994,23.2008,22.3926,23.0772,23.0772,1232144.403049
2002-10-18,22.93,23.3067,22.6191,23.1134,23.1134,635820.26530414
2002-10-21,23.0164,23.7305,22.8221,23.6519,23.6519,943546.69546556
2002-10-22,23.5569,23.6186,23.0017,23.133,23.133,472324.38299119
2002-10-23,23.2567,23.3665,22.4239,23.0487,23.0487,662317.87381692
2002-10-24,23.1076,23.9953,23.1076,23.5441,23.5441,1073186.278248
2002-10-25,23.3145,24.9241,23.1193,24.8438,24.8438,1299396.1918665
2002-10-28,24.8497,25.343,24.1875,24.3073,24.3073,1028514.1913788
2002-10-29,24.2542,24.569,23.3744,23.9413,23.9413,819076.95504286
2002-10-30,23.9727,24.1875,23.5637,23.9109,23.9109,621560.63503719
2002-10-31,24.0021,24.3955,23.5215,23.9266,23.9266,997942.6940731
2002-11-01,23.3665,24.0658,23.3204,23.9473,23.9473,650406.13291186
2002-11-04,24.0778,24.629,23.9521,24.2317,24.2317,895420.57075106
2002-11-05,24.3288,24.6201,24.1277,24.3542,24.3542,550550.99985067
2002-11-06,24.5613,24.7761,24.1826,24.6908,24.6908,847454.50623187
2002-11-07,24.475,24.4955,23.8777,24.0317,24.0317,661999.79240966
2002-11-08,24.0317,24.115,23.4715,23.7305,23.7305,631125.50607204
2002-11-11,23.6589,23.7442,23.4176,23.4655,23.4655,398488.7168402
2002-11-12,23.4715,23.9884,23.4655,23.752,23.752,559637.72928296
2002-11-13,23.6255,24.1542,23.4528,23.7844,23.7844,791644.47265042
2002-11-14,23.9178,24.2385,23.5569,24.1875,24.1875,483924.15943914
2002-11-15,23.5569,23.5637,22.9516,23.2978,23.2978,1940079.4325315
2002-11-18,23.3067,23.3204,23.0164,23.0772,23.0772,627362.56224454
2002-11-19,22.9781,23.7236,22.9115,23.4039,23.4039,761547.03898052
2002-11-20,23.396,23.6519,23.2645,23.5843,23.5843,809829.14592358
2002-11-21,23.6324,24.2788,23.4254,23.8717,23.8717,556038.92361753
2002-11-22,23.8962,24.3151,23.6775,24.1365,24.1365,571707.49139995
2002-11-25,24.1542,24.3425,23.7922,24.0658,24.0658,611684.8190369
2002-11-26,23.8894,24.1542,23.6646,23.7589,23.7589,632842.33007787
2002-11-27,23.8638,24.2542,23.7638,24.2179,24.2179,392532.84638767
2002-11-29,24.1826,24.475,24.1209,24.2542,24.2542,255052.35301817
2002-12-02,24.3995,24.6505,23.8463,24.2238,24.2238,639276.34213297
2002-12-03,24.2739,24.3749,23.9953,24.0835,24.0835,517938.48018172
2002-12-04,24.0591,24.1875,23.857,24.0198,24.0198,791173.46748967
2002-12-05,24.0317,24.0317,23.6706,23.7766,23.7766,681756.52186869
2002-12-06,23.7766,23.9727,23.5706,23.958,23.958,397545.68702703
2002-12-09,23.9109,24.0198,23.4528,23.5166,23.5166,543335.03766939
2002-12-10,23.6462,24.0591,23.4774,24.0444,24.0444,466211.51081841
2002-12-11,24.0444,24.4543,23.8069,24.3896,24.3896,497085.79715604
2002-12-12,24.4818,24.5348,23.9727,24.2631,24.2631,429528.1608316
2002-12-13,24.2455,24.2739,23.6462,24.0374,24.0374,474834.37153178
2002-12-16,24.1062,24.576,24.0198,24.5613,24.5613,415103.37291088
2002-12-17,24.6564,24.6623,24.0374,24.1826,24.1826,441596.9034569
2002-12-18,24.0658,24.2121,23.7236,23.9727,23.9727,489254.06199405
2002-12-19,23.8148,24.0374,23.6519,23.6519,23.6519,422938.16654794
2002-12-20,24.1993,24.2238,23.3283,24.0444,24.0444,1206903.8277898
2002-12-23,24.1944,24.2669,23.9041,24.1611,24.1611,342681.74173382
2002-12-24,24.115,24.2317,23.9041,24.1474,24.1474,190938.5596223
2002-12-26,24.0444,24.6064,23.9473,24.115,24.115,258811.21887892
2002-12-27,24.0915,24.2669,23.702,23.8256,23.8256,323712.05985942
2002-12-30,23.8334,24.0718,23.6646,24.0374,24.0374,390026.93581384
2002-12-31,24.0374,24.0718,23.6049,23.7922,23.7922,442063.83065089
2003-01-02,23.9473,24.6143,23.8463,24.4897,24.4897,581267.26497635
2003-01-03,24.4955,24.6143,24.2121,24.3542,24.3542,387042.88363743
2003-01-06,24.4426,24.9821,24.3229,24.9104,24.9104,493486.99149061
2003-01-07,24.8682,24.9909,24.3622,24.5279,24.5279,602430.89296747
2003-01-08,24.6505,24.6829,24.1062,24.2669,24.2669,472168.40076263
2003-01-09,24.2944,24.8889,24.2669,24.8889,24.8889,502418.75818602
2003-01-10,24.8497,24.9301,24.629,24.7564,24.7564,490031.93415346
2003-01-13,24.8025,24.9104,24.5857,24.7838,24.7838,766092.95242588
2003-01-14,24.7221,24.9369,24.5553,24.9104,24.9104,456018.63290256
2003-01-15,24.7093,24.7093,24.2121,24.3151,24.3151,643819.19710327
2003-01-16,24.3955,24.4543,23.9473,24.013,24.013,470439.34285652
2003-01-17,23.9109,23.9109,23.5078,23.7305,23.7305,693199.29659638
2003-01-21,23.7305,23.7638,23.2724,23.292,23.292,811558.20382969
2003-01-22,23.4039,23.4461,23.1027,23.2978,23.2978,706994.03865273
2003-01-23,23.3548,23.5637,23.2498,23.5078,23.5078,820019.98485604
2003-01-24,23.5078,23.5294,22.7201,22.7937,22.7937,547411.9849374
2003-01-27,22.7338,23.1487,22.6475,22.7123,22.7123,588326.22543739
2003-01-28,22.8261,22.9399,22.6603,22.8388,22.8388,337195.85695034
2003-01-29,22.9173,22.9516,22.417,22.8722,22.8722,379994.1180933
2003-01-30,22.9349,22.9399,22.3857,22.4936,22.4936,613404.7015178
2003-01-31,22.4308,22.7937,22.2562,22.6789,22.6789,891969.59138067
2003-02-03,22.6789,22.7123,22.4377,22.6868,22.6868,841337.55609233
2003-02-04,22.4308,22.4641,21.7343,21.8501,21.8501,1003587.6195602
2003-02-05,21.8873,22.1316,21.6931,21.7471,21.7471,600711.01048657
2003-02-06,22.1041,22.5779,21.6873,21.9914,21.9914,1126018.3766031
2003-02-07,22.111,22.27,21.7707,21.9011,21.9011,492549.05913587
2003-02-10,22.0061,22.3239,21.9914,22.2513,22.2513,746186.35768845
2003-02-11,22.2513,22.4936,22.0305,22.0552,22.0552,834597.69653025
2003-02-12,22.1258,22.3926,21.9571,21.9571,21.9571,617955.71242162
2003-02-13,21.9648,22.2768,21.9276,22.1385,22.1385,576727.46848114
2003-02-14,22.111,22.5731,22.06,22.5603,22.5603,534555.17523578
2003-02-18,22.5731,22.7604,22.4563,22.6475,22.6475,422316.27661709
2003-02-19,22.521,22.5731,22.3316,22.4484,22.4484,503362.80749089
2003-02-20,22.6789,22.7064,22.3052,22.3239,22.3239,411345.52654182
2003-02-21,22.5838,22.9045,22.2562,22.7799,22.7799,609959.83909756
2003-02-24,22.8221,22.8643,22.2453,22.3454,22.3454,517471.55298774
2003-02-25,22.111,22.4563,22.06,22.3817,22.3817,1012054.498045
2003-02-26,22.3817,22.4239,22.0375,22.0884,22.0884,425920.17974096
2003-02-27,22.1316,22.5779,22.0953,22.521,22.521,502109.85220397
2003-02-28,22.4377,22.8153,22.4377,22.4484,22.4484,390649.84523638
2003-03-03,22.6191,22.8525,22.3386,22.4857,22.4857,367917.21953449
2003-03-04,22.5603,22.5965,22.1258,22.1659,22.1659,385947.94956245
2003-03-05,22.2453,22.5779,22.1453,22.4936,22.4936,402248.60219263
2003-03-06,22.4308,22.4426,22.1316,22.1385,22.1385,453041.71716797
2003-03-07,22.1709,22.4308,21.8873,22.3817,22.3817,758729.16394957
2003-03-10,22.27,22.2915,21.8952,21.9011,21.9011,911883.32255994
2003-03-11,21.9571,22.1963,21.7824,21.7824,21.7824,623438.53873002
2003-03-12,21.643,21.656,20.9584,21.3204,21.3204,1188096.2450941
2003-03-13,21.4578,21.9786,21.4058,21.9708,21.9708,853254.39445584
2003-03-14,21.9786,22.4308,21.9354,22.1905,22.1905,628613.47854807
2003-03-17,22.2306,22.8643,22.0305,22.8643,22.8643,712638.96413983
2003-03-18,22.8525,22.9586,22.5132,22.6937,22.6937,601967.02424855
2003-03-19,22.7064,22.9938,22.5661,22.9713,22.9713,596791.06493881
2003-03-20,22.9643,23.0693,22.4798,22.9115,22.9115,812810.13962491
2003-03-21,23.2203,23.4715,22.881,23.4313,23.4313,839610.5371696
2003-03-24,23.2861,23.3283,22.5731,22.6397,22.6397,577507.37962392
2003-03-25,22.8221,23.089,22.5731,22.9713,22.9713,607607.87176889
2003-03-26,22.9781,22.9781,22.6603,22.7652,22.7652,460249.52341574
2003-03-27,22.7869,23.0282,22.5337,22.8722,22.8722,577507.37962392
2003-03-28,22.8261,22.8585,22.5524,22.6475,22.6475,343460.63338492
2003-03-31,22.6191,22.6937,22.27,22.3739,22.3739,429685.16255185
2003-04-01,22.5965,22.9115,22.3926,22.8448,22.8448,517779.43947809
2003-04-02,22.9643,23.4774,22.9045,23.3488,23.3488,473734.33999835
2003-04-03,23.4774,23.5166,22.9242,23.0546,23.0546,454602.55894525
2003-04-04,23.1909,23.2978,23.0487,23.241,23.241,526943.6502788
2003-04-07,23.4313,24.0021,23.1704,23.2341,23.2341,684006.54002835
2003-04-08,23.241,23.2978,23.0487,23.1076,23.1076,557217.45601108
2003-04-09,23.2861,23.6589,23.0017,23.0232,23.0232,485177.11472605
2003-04-10,23.0282,23.1273,22.8261,23.0625,23.0625,537270.08160605
2003-04-11,23.2076,23.4461,22.9242,22.9781,22.9781,440841.46011467
2003-04-14,23.0232,23.3744,22.9439,23.3665,23.3665,598768.87881726
2003-04-15,23.4313,23.6049,23.3145,23.5294,23.5294,562257.82292606
2003-04-16,23.6706,23.7991,23.2645,23.3607,23.3607,507989.26077976
2003-04-17,23.6706,23.6706,23.3067,23.5215,23.5215,398424.48886373
2003-04-21,23.5706,23.5706,23.4097,23.4655,23.4655,450578.62524513
2003-04-22,23.4461,24.2385,23.3145,24.2385,24.2385,761307.45843338
2003-04-23,24.2385,24.3622,23.9658,24.2238,24.2238,627860.07418922
2003-04-24,24.115,24.2238,23.5961,23.7922,23.7922,467538.88899869
2003-04-25,23.7922,23.7922,23.3744,23.496,23.496,551213.66944912
2003-04-28,23.6775,23.8824,23.5706,23.6903,23.6903,837140.30880492
2003-04-29,23.7766,23.8393,23.4176,23.4715,23.4715,622963.45560252
2003-04-30,23.5166,23.6049,23.1134,23.5078,23.5078,1099701.2181194
2003-05-01,23.5294,23.857,23.1625,23.752,23.752,1428914.4551376
2003-05-02,23.7383,24.115,23.6775,24.0778,24.0778,584397.10446443
2003-05-05,24.2385,24.2385,23.8962,24.0317,24.0317,562312.87547731
2003-05-06,23.9884,24.2669,23.9041,24.0983,24.0983,805491.20878295
2003-05-07,24.0983,24.1611,23.7922,23.8824,23.8824,594687.8535825
2003-05-08,23.6903,23.8463,23.3283,23.5215,23.5215,809651.75436954
2003-05-09,23.4655,23.6519,23.3488,23.5499,23.5499,443096.57573278
2003-05-12,23.6049,24.008,23.3028,23.9109,23.9109,833990.07948306
2003-05-13,23.8777,23.9806,23.6324,23.702,23.702,503376.06088286
2003-05-14,23.6961,23.6961,23.5215,23.5706,23.5706,760639.69137649
2003-05-15,23.4039,23.6324,23.2645,23.6049,23.6049,1142876.6911876
2003-05-16,23.133,23.7589,23.0409,23.7589,23.7589,1054732.4591685
2003-05-19,23.5843,23.5902,23.2135,23.2203,23.2203,940273.10764922
2003-05-20,23.1909,23.2978,22.8643,22.9439,22.9439,850619.00843739
2003-05-21,22.9439,23.0105,22.5779,22.881,22.881,1152411.9969635
2003-05-22,22.93,23.1841,22.7722,22.9781,22.9781,756685.08311127
2003-05-23,22.9349,23.0546,22.8153,23.0017,23.0017,457331.73819917
2003-05-27,22.9399,23.2861,22.7201,23.2203,23.2203,898354.66783467
2003-05-28,23.0772,23.3744,23.0487,23.2793,23.2793,780909.22515554
2003-05-29,23.2498,23.5961,23.0105,23.133,23.133,766912.62374458
2003-05-30,23.1193,23.8894,23.0164,23.6589,23.6589,777508.20087794
2003-06-02,23.7922,24.1993,23.6775,23.9884,23.9884,668384.86886366
2003-06-03,24.0444,24.115,23.5166,23.6961,23.6961,891867.64221168
2003-06-04,23.6961,24.0198,23.6392,24.008,24.008,698240.68300305
2003-06-05,24.0198,24.0444,23.7638,23.8894,23.8894,679788.90290714
2003-06-06,23.9178,24.1826,23.6049,23.7638,23.7638,696519.78103046
2003-06-09,23.7766,23.7766,23.5078,23.5765,23.5765,533183.95891284
2003-06-10,23.6392,23.8824,23.5706,23.7766,23.7766,461537.14142011
2003-06-11,23.7844,24.3818,23.7089,24.3229,24.3229,1040978.4967798
2003-06-12,24.3995,24.7369,24.2631,24.5034,24.5034,489845.3671742
2003-06-13,24.4337,24.6427,24.115,24.4259,24.4259,377414.8041178
2003-06-16,24.5034,25.0772,24.3542,25.0772,25.0772,584895.63590079
2003-06-17,25.0772,25.1115,24.6064,24.8025,24.8025,386634.06746978
2003-06-18,24.8172,24.8565,24.468,24.676,24.676,452713.44084383
2003-06-19,24.6986,24.8025,23.7638,23.857,23.857,1578726.7199884
2003-06-20,24.1209,24.1394,23.8393,23.9345,23.9345,843941.33786839
2003-06-23,23.7766,23.9178,23.6186,23.702,23.702,356890.39741628
2003-06-24,23.7305,24.115,23.6462,23.8256,23.8256,816140.81897589
2003-06-25,23.85,24.0658,23.7638,23.7991,23.7991,470666.68950337
2003-06-26,23.7922,24.0317,23.702,24.0198,24.0198,530986.95432105
2003-06-27,24.0444,24.0444,23.7442,24.0247,24.0247,516334.81975348
2003-06-30,24.0444,24.0444,23.6324,23.6324,23.6324,795919.20130626
2003-07-01,23.6392,24.0511,23.3488,24.0247,24.0247,900394.6707062
2003-07-02,24.008,24.2631,23.9345,24.2385,24.2385,649952.45910985
2003-07-03,24.1944,24.3023,23.8393,23.9178,23.9178,421722.93245355
2003-07-07,24.0444,24.5809,23.9884,24.5416,24.5416,589448.68578799
2003-07-08,24.4337,24.5229,24.3073,24.4495,24.4495,429292.65825122
2003-07-09,24.4495,24.5229,24.1394,24.2669,24.2669,482373.51257876
2003-07-10,24.2385,24.2385,23.6128,23.7991,23.7991,564281.51393055
2003-07-11,23.7383,24.1993,23.7305,23.8717,23.8717,601431.79111135
2003-07-14,23.9884,24.8771,23.9658,24.6908,24.6908,1063027.0435578
2003-07-15,24.8094,25.1332,24.8025,25.0341,25.0341,1399150.3952503
2003-07-16,25.0341,25.4273,24.9369,25.1203,25.1203,989767.3902116
2003-07-17,24.9183,25.2234,24.6014,24.7221,24.7221,757651.56123331
2003-07-18,24.7153,25.1998,24.5809,25.1449,25.1449,716179.65877895
2003-07-21,25.1203,25.1596,24.7761,24.9909,24.9909,539647.53622694
2003-07-22,24.8849,25.138,24.7221,25.0115,25.0115,796742.95059172
2003-07-23,24.8977,24.9183,24.4053,24.5348,24.5348,642745.67235378
2003-07-24,24.6701,25.0115,24.4426,24.4603,24.4603,496598.48012825
2003-07-25,24.5279,24.8771,24.3073,24.8771,24.8771,477737.88386467
2003-07-28,24.829,25.1998,24.6986,25.1841,25.1841,649061.42337286
2003-07-29,25.1998,25.343,24.7153,24.9498,24.9498,671350.57018964
2003-07-30,25.1282,25.1998,24.6986,24.8025,24.8025,518565.46757102
2003-07-31,24.8241,25.3009,24.7644,25.0703,25.0703,620480.99333756
2003-08-01,25.0488,25.0488,24.7153,24.8369,24.8369,668641.78076952
2003-08-04,24.6564,24.7564,24.2669,24.6564,24.6564,929885.5068206
2003-08-05,24.7025,24.7564,24.3023,24.3151,24.3151,610252.43321256
2003-08-06,24.3749,24.9498,24.2631,24.8094,24.8094,1012730.4210354
2003-08-07,24.8094,24.8889,24.5937,24.8889,24.8889,538880.87847612
2003-08-08,24.9498,25.1282,24.6908,25.0115,25.0115,475069.87411215
2003-08-11,25.038,25.038,24.676,24.8565,24.8565,441930.27723951
2003-08-12,24.6986,25.0341,24.6986,25.0341,25.0341,421512.91716542
2003-08-13,24.9104,25.0968,24.7761,24.8849,24.8849,332589.79349527
2003-08-14,24.8977,25.1517,24.7838,25.1517,25.1517,417042.44610511
2003-08-15,25.1449,25.1449,24.2385,25.0262,25.0262,264207.38839368
2003-08-18,25.0556,25.3577,25.038,25.3577,25.3577,458243.16376998
2003-08-19,25.3194,25.3577,25.1998,25.3577,25.3577,305118.5704186
2003-08-20,25.2714,25.4637,25.2646,25.3794,25.3794,297183.86659593
2003-08-21,25.452,25.6688,25.2714,25.4401,25.4401,420202.87034387
2003-08-22,25.5558,25.6137,25.1115,25.2528,25.2528,356723.20077913
2003-08-25,25.2586,25.3087,25.0645,25.2528,25.2528,289852.7018537
2003-08-26,25.2528,25.4333,25.0488,25.3656,25.3656,424986.325353
2003-08-27,25.3656,25.452,25.2459,25.2861,25.2861,410692.03236858
2003-08-28,25.1449,25.6834,25.0262,25.5558,25.5558,703493.10418953
2003-08-29,25.5177,25.7393,25.3263,25.7393,25.7393,491610.10728946
2003-09-02,25.6892,26.1032,25.4872,26.0699,26.0699,454035.72156565
2003-09-03,26.1091,26.4112,25.9355,26.3631,26.3631,659902.6980035
2003-09-04,26.4572,26.5338,26.2768,26.3357,26.3357,475055.60122848
2003-09-05,26.3357,26.3357,25.9689,26.0129,26.0129,451867.26274119
2003-09-08,26.057,26.3298,25.962,26.218,26.218,307212.6063497
2003-09-09,26.1915,26.2337,26.0699,26.1915,26.1915,304190.83298078
2003-09-10,26.162,26.3563,25.8345,25.9207,25.9207,482910.78469934
2003-09-11,25.9207,26.2464,25.9207,26.1768,26.1768,616507.01473024
2003-09-12,26.1131,26.218,25.7736,26.0286,26.0286,533929.20733816
2003-09-15,26.0286,26.057,25.5411,25.7138,25.7138,440565.17786671
2003-09-16,25.7521,26.1768,25.7521,26.162,26.162,425981.34924235
2003-09-17,26.1552,26.1837,25.8158,25.9757,25.9757,268837.91964932
2003-09-18,25.962,26.4956,25.8345,26.4896,26.4896,348195.15279292
2003-09-19,26.2111,26.4838,26.2111,26.3474,26.3474,766093.97191756
2003-09-22,26.1915,26.1915,25.7265,25.8422,25.8422,595545.24609373
2003-09-23,25.8237,26.2542,25.808,26.2542,26.2542,457487.72042774
2003-09-24,26.3701,26.6113,25.8679,26.1131,26.1131,644514.4904358
2003-09-25,25.7325,26.3229,25.7325,25.7815,25.7815,543398.24615417
2003-09-26,25.7815,25.8619,25.5177,25.5598,25.5598,487255.8582818
2003-09-29,25.5677,25.9002,25.4872,25.8422,25.8422,459831.53182287
2003-09-30,25.7942,25.8345,25.4587,25.5177,25.5177,701786.4751006
2003-10-01,25.4872,26.0286,25.4637,26.0286,26.0286,662434.09586957
2003-10-02,26.0375,26.057,25.7011,25.907,25.907,291013.90288852
2003-10-03,26.3229,26.4896,26.0286,26.2042,26.2042,557688.46117182
2003-10-06,26.2111,26.2631,26.0767,26.1915,26.1915,732502.7402263
2003-10-07,26.1336,26.3435,25.9884,26.3435,26.3435,411426.06638533
2003-10-08,26.3435,26.3435,26.1091,26.2542,26.2542,326472.84335574
2003-10-09,26.2464,26.3925,25.8502,25.9149,25.9149,731955.27318881
2003-10-10,25.9207,25.9207,25.6932,25.8021,25.8021,507905.66246119
2003-10-13,25.8021,26.2248,25.8021,26.1131,26.1131,396196.89952126
2003-10-14,26.0433,26.3102,25.907,26.3102,26.3102,424382.78627256
2003-10-15,26.2542,26.3631,26.0493,26.2631,26.2631,495007.05360028
2003-10-16,26.1415,26.4719,26.1091,26.3768,26.3768,409277.99739466
2003-10-17,26.3102,26.4572,25.8345,26.0129,26.0129,427938.77328701
2003-10-20,26.0129,26.061,25.8345,25.9943,25.9943,298925.15840232
2003-10-21,26.0286,26.1768,25.8619,25.9512,25.9512,308762.23371839
2003-10-22,25.907,25.962,25.5735,25.7069,25.7069,329593.50741858
2003-10-23,25.7325,25.8422,25.5,25.7815,25.7815,303493.50066487
2003-10-24,25.7942,25.7942,25.5255,25.6932,25.6932,371615.93538552
2003-10-27,25.7206,25.9943,25.6549,25.7688,25.7688,307853.86662267
2003-10-28,25.7688,25.9826,25.452,25.7688,25.7688,575818.08189372
2003-10-29,25.6932,26.1415,25.5108,26.1131,26.1131,500613.23840317
2003-10-30,26.2042,26.2542,25.962,26.1032,26.1032,360698.19887813
2003-10-31,26.218,26.4358,26.0129,26.162,26.162,376049.704745
2003-11-03,26.0493,26.4435,25.962,26.4435,26.4435,357876.24588043
2003-11-04,26.316,26.3229,26.0286,26.1131,26.1131,558810.92152242
2003-11-05,26.218,26.218,25.6137,25.7736,25.7736,461424.99733422
2003-11-06,25.9002,26.0208,25.7688,26.0129,26.0129,412983.84968753
2003-11-07,25.9512,26.0208,25.7609,25.7736,25.7736,462735.04415577
2003-11-10,25.7883,25.8806,25.7393,25.8237,25.8237,256543.86936053
2003-11-11,25.8679,25.9207,25.7393,25.8863,25.8863,311198.81885731
2003-11-12,25.9355,25.9355,25.7521,25.9149,25.9149,604863.40013962
2003-11-13,25.8502,26.0433,25.8237,25.9943,25.9943,342030.28654396
2003-11-14,26.057,26.3042,25.8422,25.8736,25.8736,278594.45512188
2003-11-17,25.9689,25.9943,25.5177,25.8422,25.8422,571269.10997328
2003-11-18,25.8422,25.8806,25.4333,25.5255,25.5255,515177.69668541
2003-11-19,25.6549,25.8237,25.4872,25.5785,25.5785,472096.01685264
2003-11-20,25.5922,25.6246,25.3009,25.3989,25.3989,590413.12492666
2003-11-21,25.3989,25.5,25.3263,25.4333,25.4333,441364.4593516
2003-11-24,25.4872,25.8021,25.4872,25.7609,25.7609,354006.25542549
2003-11-25,25.7069,25.8345,25.5598,25.7265,25.7265,454584.20809484
2003-11-26,25.8021,26.1131,25.7069,26.057,26.057,334613.48449977
2003-11-28,26.1199,26.1473,25.8502,25.962,25.962,148844.76723707
2003-12-01,25.9433,26.4719,25.8502,26.4358,26.4358,379595.49684255
2003-12-02,26.4719,26.4719,26.3102,26.4229,26.4229,411116.14091159
2003-12-03,26.3435,26.525,26.2415,26.3229,26.3229,370026.54784093
2003-12-04,26.3229,26.5849,26.1336,26.1336,26.1336,394472.9390736
2003-12-05,26.1336,26.4572,26.1199,26.2768,26.2768,332821.21810888
2003-12-08,26.4572,26.5387,26.3298,26.4956,26.4956,316356.42731663
2003-12-09,26.4435,26.5712,26.2708,26.3925,26.3925,471371.15826111
2003-12-10,26.316,26.6182,26.0894,26.2337,26.2337,353829.88336312
2003-12-11,26.162,26.5907,26.162,26.5505,26.5505,490321.46979339
2003-12-12,26.5338,26.6653,26.2278,26.316,26.316,396041.93678439
2003-12-15,26.316,26.4838,25.9943,26.0767,26.0767,596682.99881969
2003-12-16,26.1837,26.2768,25.9355,26.218,26.218,556969.71953042
2003-12-17,26.2464,26.2542,25.957,26.1552,26.1552,368416.77046254
2003-12-18,26.0767,26.5387,26.0767,26.5387,26.5387,364027.85873743
2003-12-19,26.5593,26.5966,26.2248,26.4652,26.4652,570245.5403166
2003-12-22,26.4171,26.4435,26.1131,26.3848,26.3848,464813.78771152
2003-12-23,26.2915,26.4043,26.1768,26.3298,26.3298,327327.17739189
2003-12-24,26.4171,26.4572,26.2111,26.3925,26.3925,182290.21161668
2003-12-26,26.4112,26.5024,26.3229,26.3435,26.3435,123249.40886987
2003-12-29,26.3925,26.6653,26.3357,26.6653,26.6653,342764.3205607
2003-12-30,26.5966,26.7329,26.4505,26.4838,26.4838,794280.87816056
2003-12-31,26.5093,26.7182,26.4358,26.6309,26.6309,518440.07009316
2004-01-02,26.5907,27.0203,26.5849,26.7673,26.7673,364692.56731926
2004-01-05,26.8604,27.0065,26.6113,26.935,26.935,614953.3093948
2004-01-06,26.9938,27.1292,26.5907,26.786,26.786,379905.42231629
2004-01-07,26.4956,26.786,26.4956,26.7182,26.7182,439802.59808265
2004-01-08,26.677,27.0135,26.5505,26.5907,26.5907,574633.43255003
2004-01-09,26.7114,26.9871,26.4358,26.4572,26.4572,499250.17801375
2004-01-12,26.4956,26.8251,26.4229,26.6182,26.6182,542373.65700579
2004-01-13,26.3995,26.885,26.0375,26.4171,26.4171,804763.29171634
2004-01-14,26.4505,27.0919,26.3701,27.0919,27.0919,494911.22138144
2004-01-15,27.1949,27.2086,26.9272,27.0419,27.0419,598428.36859284
2004-01-16,27.2596,27.398,27.0998,27.295,27.295,557697.63659703
2004-01-20,27.2165,27.3606,27.0998,27.2734,27.2734,460317.82935896
2004-01-21,27.295,27.5941,27.2538,27.5941,27.5941,668673.38501191
2004-01-22,27.6363,27.7011,27.3833,27.4744,27.4744,329472.18790748
2004-01-23,27.497,27.7491,27.0586,27.2596,27.2596,449518.35388762
2004-01-26,27.3215,27.8139,27.3097,27.8079,27.8079,628356.56664221
2004-01-27,27.8217,28.0649,27.6158,27.7432,27.7432,348133.98329152
2004-01-28,27.7785,28.0532,27.1872,27.2734,27.2734,566359.23799462
2004-01-29,27.1812,27.7374,27.1224,27.5647,27.5647,599320.42382151
2004-01-30,27.4744,27.6363,27.3156,27.6363,27.6363,808664.88641368
2004-02-02,27.7491,27.7922,27.4813,27.6295,27.6295,691491.64801577
2004-02-03,27.7178,27.7491,27.4617,27.7491,27.7491,591825.1209172
2004-02-04,28.0649,28.2062,27.5039,28.1846,28.1846,1500793.7167356
2004-02-05,28.0395,28.0649,27.7648,27.9149,27.9149,724919.76103665
2004-02-06,27.8571,28.0326,27.8571,27.9708,27.9708,555603.60066592
2004-02-09,27.9826,28.0983,27.8079,27.9355,27.9355,746557.45266357
2004-02-10,27.9963,28.1033,27.8079,28.1033,28.1033,730746.15604456
2004-02-11,28.0649,28.0649,27.7727,27.9423,27.9423,1362318.1994768
2004-02-12,28.0395,28.0395,27.8571,27.9149,27.9149,569594.08512674
2004-02-13,27.8491,27.9708,27.5764,27.7178,27.7178,578614.54759918
2004-02-17,27.7922,28.118,27.7785,28.0649,28.0649,746938.7425556
2004-02-18,28.1327,28.1523,27.8571,27.9246,27.9246,655695.25579918
2004-02-19,27.9355,27.9708,27.6834,27.7432,27.7432,689038.7510098
2004-02-20,27.9306,27.9502,27.656,27.7011,27.7011,454376.23179009
2004-02-23,27.804,27.9306,27.6941,27.8491,27.8491,326583.96794994
2004-02-24,27.8139,28.1699,27.8139,28.1699,28.1699,644596.049771
2004-02-25,28.118,28.2483,28.0395,28.1327,28.1327,846336.12384802
2004-02-26,28.263,28.4731,28.1267,28.2877,28.2877,764702.36576083
2004-02-27,28.2563,28.8104,28.1846,28.7084,28.7084,1085269.2937568
2004-03-01,28.6829,28.7829,28.6123,28.6486,28.6486,522455.84785977
2004-03-02,28.7899,28.8104,28.4995,28.5613,28.5613,442643.92142245
2004-03-03,28.6613,28.8663,28.524,28.8604,28.8604,748747.32081352
2004-03-04,28.731,29.0037,28.6829,29.0037,29.0037,457464.27211887
2004-03-05,28.8742,29.2626,28.8536,29.0174,29.0174,579474.99858547
2004-03-08,29.089,29.144,28.6211,28.6899,28.6899,745700.06015234
2004-03-09,28.7133,28.731,28.3641,28.373,28.373,622035.71816468
2004-03-10,28.3514,28.5319,28.0866,28.0866,28.0866,543886.58267364
2004-03-11,27.9963,28.1777,27.5431,27.5697,27.5697,624180.72868029
2004-03-12,27.5373,27.908,27.4274,27.8638,27.8638,503856.24146882
2004-03-15,27.9423,27.9708,27.2342,27.3686,27.3686,504996.03317815
2004-03-16,27.4744,27.6363,27.3342,27.4274,27.4274,465790.46075047
2004-03-17,27.5431,27.8785,27.3833,27.7922,27.7922,372378.51516959
2004-03-18,27.7579,27.9355,27.5039,27.7491,27.7491,678016.00685837
2004-03-19,27.8785,28.0257,27.5941,27.6011,27.6011,530971.6619457
2004-03-22,27.6236,27.6236,27.0782,27.2596,27.2596,720468.66031845
2004-03-23,27.141,27.2734,27.0203,27.0203,27.0203,431124.68481802
2004-03-24,27.0203,27.1224,26.8212,27.0135,27.0135,465613.06919642
2004-03-25,27.0341,27.1655,26.9467,27.1292,27.1292,318201.70727539
2004-03-26,27.1155,27.2086,26.8467,26.9046,26.9046,441185.02881419
2004-03-29,26.8713,27.342,26.8664,27.2469,27.2469,551067.88213745
2004-03-30,27.2469,27.3028,27.0272,27.2596,27.2596,367616.46948596
2004-03-31,27.2655,27.7178,27.1361,27.7178,27.7178,902246.0676151
2004-04-01,27.7011,28.2111,27.5697,28.1523,28.1523,662548.27893884
2004-04-02,28.3004,28.4612,28.1523,28.3514,28.3514,509057.6880708
2004-04-05,28.3798,28.7193,28.3072,28.7084,28.7084,504166.16694255
2004-04-06,28.6398,28.731,28.5446,28.6486,28.6486,681168.2751636
2004-04-07,28.6946,28.6946,28.219,28.263,28.263,330547.75164035
2004-04-08,28.4691,28.6084,28.2062,28.3191,28.3191,500247.24088649
2004-04-12,28.3455,28.5122,28.1974,28.3798,28.3798,379359.99426218
2004-04-13,28.6084,28.6613,28.0649,28.0649,28.0649,462010.18556424
2004-04-14,28.0796,28.2483,27.7089,27.9306,27.9306,475830.41491283
2004-04-15,27.8217,28.0032,27.497,27.6295,27.6295,721279.15621193
2004-04-16,27.8491,27.9502,27.1361,27.8433,27.8433,682881.02120267
2004-04-19,27.7089,27.8344,27.5216,27.6452,27.6452,526767.27821645
2004-04-20,27.7374,27.8491,27.1655,27.2469,27.2469,518789.75574281
2004-04-21,27.1155,27.2891,27.0065,27.242,27.242,622680.03691272
2004-04-22,27.4029,28.2406,27.1812,27.9306,27.9306,1380986.1118109
2004-04-23,28.0032,28.0032,27.4087,27.5814,27.5814,515985.13410384
2004-04-26,27.5569,27.6834,27.3833,27.4559,27.4559,374056.5984912
2004-04-27,27.5304,27.8217,27.447,27.7972,27.7972,590804.60973559
2004-04-28,26.4719,26.4838,26.162,26.2542,26.2542,834442.73379338
2004-04-29,26.218,26.4789,26.0208,26.1287,26.1287,732328.40714732
2004-04-30,26.0964,26.2631,25.9355,26.0493,26.0493,448765.96902045
2004-05-03,26.1915,26.3474,26.0208,26.3474,26.3474,495376.10959204
2004-05-04,26.2248,26.4505,26.0129,26.17,26.17,669557.28430708
2004-05-05,26.1415,26.3357,26.061,26.0767,26.0767,573201.0467257
2004-05-06,26.0375,26.1287,25.7069,26.0129,26.0129,362581.20002943
2004-05-07,25.9207,26.0964,25.6549,25.7069,25.7069,693988.38316439
2004-05-10,25.4784,25.8619,25.3851,25.7393,25.7393,1151502.610376
2004-05-11,25.6618,26.0493,25.6049,25.9884,25.9884,1336877.8038465
2004-05-12,26.17,26.2278,25.7688,26.2278,26.2278,777465.38222698
2004-05-13,26.2768,26.4171,26.0837,26.3435,26.3435,805004.91124686
2004-05-14,26.4171,26.6045,26.1552,26.4719,26.4719,681089.77430348
2004-05-17,26.3925,26.4789,25.9433,26.0375,26.0375,735321.63474893
2004-05-18,26.17,26.4229,26.0837,26.4229,26.4229,963269.78169882
2004-05-19,26.5338,26.7673,26.2542,26.3357,26.3357,890471.95808817
2004-05-20,26.3995,26.4956,26.2631,26.4956,26.4956,700737.41815167
2004-05-21,26.6712,26.832,26.4112,26.7114,26.7114,1045664.0805867
2004-05-24,26.7927,26.8124,26.4896,26.5387,26.5387,497633.26419352
2004-05-25,26.6897,26.778,26.3298,26.7329,26.7329,851195.0212422
2004-05-26,26.677,27.0341,26.6466,26.9467,26.9467,491819.10308589
2004-05-27,26.9938,27.3342,26.9938,27.3215,27.3215,716386.615592
2004-05-28,27.3539,27.3763,27.1155,27.2655,27.2655,523420.28699843
2004-06-01,27.295,27.3215,27.0341,27.1605,27.1605,345208.04214145
2004-06-02,27.3097,27.7011,27.1872,27.6452,27.6452,722206.89364976
2004-06-03,27.6941,27.6941,27.342,27.4274,27.4274,553803.17834152
2004-06-04,27.5304,27.7432,27.39,27.5569,27.5569,360298.55813568
2004-06-07,27.6452,27.8344,27.6078,27.8344,27.8344,343465.73084336
2004-06-08,27.8433,27.9423,27.6834,27.9423,27.9423,367641.95677819
2004-06-09,27.9826,27.9826,27.3539,27.4157,27.4157,599589.56962765
2004-06-10,27.4559,27.7011,27.4029,27.7011,27.7011,453695.21134122
2004-06-14,27.5431,27.6941,27.3539,27.3539,27.3539,399645.83990827
2004-06-15,27.398,27.5764,27.2734,27.3273,27.3273,536968.31206581
2004-06-16,27.4883,27.5431,27.242,27.398,27.398,297756.82092567
2004-06-17,27.1458,27.5107,27.0272,27.4157,27.4157,482681.39906912
2004-06-18,27.3539,27.5647,27.1605,27.2009,27.2009,744398.16926431
2004-06-21,27.2812,27.39,27.0655,27.0782,27.0782,345117.30738104
2004-06-22,27.2086,27.3606,27.1292,27.1655,27.1655,615363.14505415
2004-06-23,27.0468,27.0861,26.778,26.935,26.935,546246.70593581
2004-06-24,27.0586,27.1224,26.8791,26.8791,26.8791,360964.28620921
2004-06-25,26.9467,27.2086,26.8467,27.1528,27.1528,491383.78013429
2004-06-28,27.141,27.2596,27.0527,27.1605,27.1605,492465.46081731
2004-06-29,27.1605,27.3273,27.0527,27.2596,27.2596,406312.29606867
2004-06-30,27.3342,27.7648,27.3028,27.7648,27.7648,788738.92133414
2004-07-01,27.8491,27.8932,27.4559,27.6697,27.6697,639462.90911223
2004-07-02,27.7374,27.9246,27.5373,27.7972,27.7972,445018.31756828
2004-07-06,27.8217,27.8217,27.5873,27.7089,27.7089,368009.99327827
2004-07-07,27.6775,27.9022,27.5697,27.5764,27.5764,431483.54589287
2004-07-08,27.5569,27.7922,27.3469,27.4087,27.4087,882915.48568247
2004-07-09,27.5304,27.6637,27.4352,27.6637,27.6637,392305.49974083
2004-07-12,27.7785,27.9306,27.6637,27.8638,27.8638,578328.07043431
2004-07-13,27.9246,27.9246,27.6697,27.7785,27.7785,509394.12032848
2004-07-14,27.6697,27.7491,27.3606,27.497,27.497,521898.18590539
2004-07-15,27.39,27.4087,26.935,26.9871,26.9871,1040557.4467119
2004-07-16,27.141,27.1949,26.8713,26.9125,26.9125,489438.58998992
2004-07-19,27.0419,27.2086,26.9203,27.1458,27.1458,313631.32602947
2004-07-20,27.1292,27.242,26.7329,27.0272,27.0272,602033.2912084
2004-07-21,26.8713,27.1292,26.6309,26.6387,26.6387,529531.12018784
2004-07-22,26.5966,26.7526,26.1915,26.3563,26.3563,406939.28345797
2004-07-23,26.3229,26.3768,25.8021,25.8158,25.8158,759953.57346917
2004-07-26,25.8021,26.0433,25.6932,25.7393,25.7393,754392.24630062
2004-07-27,25.6892,25.8345,25.6549,25.6549,25.6549,565401.93529777
2004-07-28,25.6246,25.808,25.3656,25.5,25.5,778766.25362331
2004-07-29,25.599,25.6618,25.4587,25.4587,25.4587,1100250.7241403
2004-07-30,25.4872,25.5558,25.3577,25.4401,25.4401,613477.08542778
2004-08-02,25.447,25.5108,25.1646,25.4715,25.4715,767215.41277648
2004-08-03,25.3509,25.6471,25.2646,25.599,25.599,702472.59300792
2004-08-04,25.5922,25.8559,25.3851,25.7521,25.7521,586772.52010194
2004-08-05,25.6618,25.7815,25.3263,25.3656,25.3656,509341.1067606
2004-08-06,25.2783,25.3303,25.089,25.192,25.192,562062.08052159
2004-08-09,25.2528,25.3656,25.1332,25.3361,25.3361,636573.66966298
2004-08-10,25.3901,25.5862,25.2586,25.5735,25.5735,397676.18196333
2004-08-11,25.5177,25.7325,25.3361,25.7011,25.7011,570398.46407009
2004-08-12,25.8021,25.8021,25.4401,25.5481,25.5481,322148.15960708
2004-08-13,25.5922,25.6383,25.2586,25.3724,25.3724,428899.13445891
2004-08-16,25.2646,25.8345,25.2586,25.6932,25.6932,529306.83201606
2004-08-17,25.5735,25.6688,25.4872,25.6177,25.6177,462089.70591605
2004-08-18,25.7069,25.7815,25.4961,25.6049,25.6049,566787.42450438
2004-08-19,25.5108,25.6892,25.4401,25.5177,25.5177,446208.06437043
2004-08-20,25.5558,25.5558,25.3901,25.4784,25.4784,421499.66377345
2004-08-23,25.5481,25.6618,25.4126,25.5558,25.5558,436366.91108761
2004-08-24,25.5481,25.6177,25.4333,25.5598,25.5598,465971.93027128
2004-08-25,25.5735,25.7393,25.4401,25.7393,25.7393,540040.04052756
2004-08-26,25.6383,25.7521,25.5411,25.7011,25.7011,254434.54105409
2004-08-27,25.7325,25.7442,25.5735,25.6549,25.6549,260558.62763545
2004-08-30,25.5411,25.7138,25.4333,25.4784,25.4784,383815.17294714
2004-08-31,25.5177,25.7521,25.4333,25.7393,25.7393,983459.79512606
2004-09-01,25.6177,25.8422,25.5343,25.8422,25.8422,485461.55290753
2004-09-02,25.8619,26.2415,25.6049,26.218,26.218,313881.10149349
2004-09-03,25.9286,26.3631,25.7442,26.1473,26.1473,523275.51917847
2004-09-07,26.2278,26.3229,26.1287,26.1473,26.1473,936186.984956
2004-09-08,26.0837,26.2464,26.0699,26.1287,26.1287,682278.50161393
2004-09-09,26.1915,26.1915,25.9512,26.0493,26.0493,588621.87802747
2004-09-10,26.0493,26.0964,25.7883,25.8021,25.8021,821516.59865685
2004-09-13,25.8923,25.9149,25.7736,25.8502,25.8502,691540.58361688
2004-09-14,25.8619,25.957,25.7069,25.7815,25.7815,721116.03754154
2004-09-15,25.7942,25.907,25.6932,25.8559,25.8559,756411.85933838
2004-09-16,25.7325,26.0493,25.7325,25.9149,25.9149,367195.41941802
2004-09-17,26.057,26.1984,25.9207,26.1415,26.1415,725451.93569879
2004-09-20,26.162,26.2248,25.8863,26.057,26.057,404525.12713624
2004-09-21,25.9355,26.1768,25.9207,26.1768,26.1768,632678.1919158
2004-09-22,25.9826,26.0964,25.6688,25.8559,25.8559,513478.20403831
2004-09-23,25.9207,26.061,25.8021,25.9983,25.9983,684333.79686082
2004-09-24,26.0286,26.2847,25.9355,26.2042,26.2042,665027.68272874
2004-09-27,26.2708,26.3042,25.9943,25.9983,25.9983,574661.97831735
2004-09-28,25.9149,26.1552,25.8736,26.0286,26.0286,516254.27990997
2004-09-29,26.0061,26.0061,25.808,25.8679,25.8679,516417.39858036
2004-09-30,25.8923,26.3042,25.8285,26.2975,26.2975,1076453.7491141
2004-10-01,26.2847,26.5712,26.0129,26.5593,26.5593,915661.55876279
2004-10-04,26.5907,26.5966,26.4572,26.5387,26.5387,463247.8484758
2004-10-05,26.5505,26.5712,26.1473,26.1915,26.1915,555356.88367696
2004-10-06,26.2542,26.3435,26.1032,26.3298,26.3298,369722.73931733
2004-10-07,26.2464,26.2768,25.9433,25.9826,25.9826,588039.74827252
2004-10-08,25.9689,26.061,25.8345,25.8559,25.8559,483042.29912734
2004-10-11,25.6834,26.0129,25.5922,25.9355,25.9355,499737.49504153
2004-10-12,25.9207,25.9207,25.7688,25.8679,25.8679,569620.59191068
2004-10-13,25.8345,25.962,25.5862,25.6892,25.6892,469660.45120541
2004-10-14,25.7206,25.7609,24.829,25.0968,25.0968,1198950.7731168
2004-10-15,25.3009,25.3194,24.4955,25.1773,25.1773,1277036.700123
2004-10-18,24.9498,25.4784,24.9498,25.2783,25.2783,816659.74024607
2004-10-19,25.3303,25.343,24.6701,24.7487,24.7487,734851.64907988
2004-10-20,24.8849,25.0193,24.5034,24.9535,24.9535,705059.04342526
2004-10-21,24.5613,25.038,24.5171,24.7957,24.7957,586426.91241906
2004-10-22,24.9625,25.3146,24.8771,24.9977,24.9977,570545.27087344
2004-10-25,24.8241,25.3361,24.6427,25.3263,25.3263,738114.02248763
2004-10-26,25.3794,26.3631,25.3009,26.3631,26.3631,1091133.4099572
2004-10-27,26.3995,26.5966,26.0837,26.525,26.525,436286.3712441
2004-10-28,26.3042,26.7703,26.0767,26.7398,26.7398,468200.53910545
2004-10-29,26.7251,26.7927,26.5712,26.6309,26.6309,1404437.4791542
2004-11-01,26.6897,26.8212,26.6045,26.7927,26.7927,318049.80301358
2004-11-02,26.8604,27.1361,26.7703,27.0203,27.0203,541361.3017577
2004-11-03,27.0341,27.2596,26.7466,27.0732,27.0732,933996.09731436
2004-11-04,26.2111,27.1812,26.0433,27.141,27.141,801041.12755644
2004-11-05,27.0527,27.2734,26.7977,27.2273,27.2273,574322.48758461
2004-11-08,27.1742,27.4274,27.0919,27.3156,27.3156,413857.55406579
2004-11-09,27.39,27.5304,27.3097,27.3686,27.3686,632559.93087976
2004-11-10,27.4352,27.6637,27.3686,27.5569,27.5569,378864.52130087
2004-11-11,27.5216,27.6893,27.4352,27.6452,27.6452,471339.55401872
2004-11-12,27.6893,27.7246,27.2812,27.7178,27.7178,532378.56047779
2004-11-15,27.7727,27.9708,27.6295,27.908,27.908,679342.36554695
2004-11-16,27.9708,28.0601,27.9022,27.9188,27.9188,556250.97788903
2004-11-17,28.0032,28.3121,27.9188,28.0532,28.0532,562469.87719757
2004-11-18,28.2062,28.2877,27.9423,28.0601,28.0601,580917.57932671
2004-11-19,28.1464,28.219,27.804,27.9246,27.9246,528358.70474443
2004-11-22,28.0032,28.219,27.9188,28.165,28.165,385815.41564277
2004-11-23,28.263,28.272,27.8344,28.1572,28.1572,574871.99360547
2004-11-24,28.263,28.4485,28.1405,28.267,28.267,662411.6670524
2004-11-26,28.3641,28.5956,28.272,28.524,28.524,197507.14458048
2004-11-29,28.6339,28.6751,28.3798,28.5672,28.5672,547455.82308006
2004-11-30,28.6486,28.7829,28.3328,28.5838,28.5838,548749.55803457
2004-12-01,28.731,29.0801,28.5192,29.0096,29.0096,775737.34381255
2004-12-02,28.9625,29.1507,28.7388,29.0301,29.0301,652158.63912684
2004-12-03,28.3857,28.5672,28.1896,28.272,28.272,1156616.3806927
2004-12-06,28.3258,28.4798,28.0729,28.4691,28.4691,434577.70317179
2004-12-07,28.4347,28.5534,28.0866,28.0866,28.0866,492575.56591982
2004-12-08,28.4407,28.4407,27.8079,28.165,28.165,758081.78672647
2004-12-09,27.9423,28.2406,27.8139,28.1974,28.1974,473576.31878641
2004-12-10,28.272,28.3563,27.9246,28.3258,28.3258,529220.17522241
2004-12-13,28.4544,28.4798,28.1699,28.4407,28.4407,507719.09548194
2004-12-14,28.2249,28.4279,28.1777,28.4151,28.4151,583698.75265682
2004-12-15,28.267,28.6339,28.2249,28.628,28.628,693045.3533512
2004-12-16,28.5446,28.6123,28.1405,28.2483,28.2483,559357.36906822
2004-12-17,27.8491,28.3514,27.7648,27.9306,27.9306,1573239.8157133
2004-12-20,28.0532,28.0866,27.7579,27.9246,27.9246,597744.28966889
2004-12-21,27.8079,28.1327,27.8079,28.0395,28.0395,527829.58855736
2004-12-22,28.2483,28.2934,27.9355,28.0796,28.0796,490963.74955805
2004-12-23,28.011,28.1777,27.9355,27.9826,27.9826,233102.69693414
2004-12-27,28.0649,28.1405,27.7922,27.8932,27.8932,361066.23537819
2004-12-28,27.8433,28.1405,27.8433,28.1405,28.1405,248034.17222474
2004-12-29,28.263,28.2934,28.112,28.2062,28.2062,275916.25045245
2004-12-30,28.3072,28.3121,28.1327,28.2406,28.2406,272897.53555859
2004-12-31,27.9246,28.3857,27.9246,28.2317,28.2317,392187.23870479
2005-01-03,28.4073,28.4731,28.1777,28.3514,28.3514,712626.73023955
2005-01-04,28.4485,28.4485,27.9306,27.9306,27.9306,548476.33426167
2005-01-05,28.5613,28.8369,28.263,28.4544,28.4544,1057522.8079239
2005-01-06,28.7467,28.7899,28.3328,28.6545,28.6545,534227.91840331
2005-01-07,28.9556,29.0968,28.4731,28.5192,28.5192,463576.12479995
2005-01-10,28.6946,28.7702,28.4485,28.5446,28.5446,459221.8757923
2005-01-11,28.5761,28.7133,28.3121,28.3514,28.3514,651420.52714334
2005-01-12,28.6899,28.7702,27.9306,28.1777,28.1777,825827.00952185
2005-01-13,28.5192,28.5192,27.9246,27.9826,27.9826,592804.85243122
2005-01-14,28.3935,28.3935,28.0257,28.1699,28.1699,498311.22616732
2005-01-18,28.3798,28.6398,28.0983,28.5838,28.5838,501419.6563299
2005-01-19,28.5838,28.6899,28.421,28.421,28.421,448278.65199267
2005-01-20,28.5192,28.5672,28.112,28.2062,28.2062,571496.45662013
2005-01-21,28.4151,28.4485,27.8571,27.9355,27.9355,565943.28538513
2005-01-24,28.0983,28.1846,27.8865,27.8865,27.8865,603256.68123631
2005-01-25,28.2563,28.4612,27.9246,27.9571,27.9571,478237.43479274
2005-01-26,28.3328,28.3376,27.9904,28.1699,28.1699,539703.60826989
2005-01-27,28.3514,28.3641,27.7178,27.7972,27.7972,459083.22492246
2005-01-28,28.1699,28.1846,27.3539,27.4883,27.4883,518228.01582166
2005-01-31,28.0179,28.165,27.7922,28.1464,28.1464,623434.46076326
2005-02-01,28.5122,28.5122,28.0326,28.2563,28.2563,600961.80544229
2005-02-02,28.727,28.8036,28.4407,28.5446,28.5446,902829.21686174
2005-02-03,28.731,28.731,28.4347,28.5534,28.5534,531857.60022424
2005-02-04,28.6899,28.9498,28.4935,28.9164,28.9164,882298.69321006
2005-02-07,29.1028,29.1507,28.8742,28.88,28.88,659911.87342871
2005-02-08,29.0301,29.037,28.7762,28.8604,28.8604,551507.28305581
2005-02-09,28.988,29.0625,28.4347,28.5122,28.5122,559263.57583275
2005-02-10,28.5908,28.8663,28.3258,28.5387,28.5387,616065.5748285
2005-02-11,28.6899,28.887,28.5192,28.829,28.829,542116.74509993
2005-02-14,28.8036,29.0674,28.731,29.0674,29.0674,360717.56922024
2005-02-15,29.1861,29.4116,29.0801,29.1507,29.1507,489152.11282505
2005-02-16,29.3902,29.4039,28.829,28.9429,28.9429,470651.39712802
2005-02-17,29.2244,29.4039,28.5908,28.7084,28.7084,445454.66001158
2005-02-18,29.0253,29.0253,28.5446,28.6486,28.6486,569996.78434426
2005-02-22,28.7899,28.7899,28.1327,28.219,28.219,515291.87975468
2005-02-23,28.5672,29.0037,28.118,28.3641,28.3641,542474.58668309
2005-02-24,28.6123,28.6398,28.1523,28.4691,28.4691,418224.03697373
2005-02-25,28.4407,28.8536,28.3004,28.7702,28.7702,454533.23351034
2005-02-28,28.887,28.887,28.4279,28.5319,28.5319,575383.77843382
2005-03-01,28.6613,29.0968,28.5956,29.089,29.089,815287.50443143
2005-03-02,29.1958,29.3401,28.8222,29.0096,29.0096,745343.23806087
2005-03-03,29.1507,29.2087,28.8429,28.9095,28.9095,720809.17054288
2005-03-04,29.1028,29.2087,28.8173,29.0448,29.0448,555087.73787083
2005-03-07,29.1507,29.4116,28.9811,29.2911,29.2911,492704.02187274
2005-03-08,29.1292,29.3185,28.9095,29.1911,29.1911,588886.94586684
2005-03-09,29.0567,29.1911,28.8477,28.9625,28.9625,687529.90330873
2005-03-10,28.9958,29.2155,28.8663,29.1958,29.1958,494624.74421657
2005-03-11,29.3185,29.3695,28.8536,28.9369,28.9369,728148.49121864
2005-03-14,29.0507,29.4186,28.9369,29.2764,29.2764,602478.8090769
2005-03-15,29.1911,29.3313,28.5446,28.5613,28.5613,981433.04564648
2005-03-16,28.6339,28.6339,28.2483,28.3328,28.3328,486072.22842981
2005-03-17,28.4935,28.4935,28.0796,28.2483,28.2483,520044.7500131
2005-03-18,28.2111,28.2877,27.9188,28.0032,28.0032,2309227.1785357
2005-03-21,27.9149,28.272,27.908,28.0649,28.0649,847485.09098257
2005-03-22,28.2406,28.2406,27.342,27.3469,27.3469,774383.45884833
2005-03-23,27.4274,27.8433,27.3539,27.6637,27.6637,655910.36854576
2005-03-24,27.8344,27.9571,27.5304,27.6078,27.6078,482568.23549153
2005-03-28,27.7727,28.1699,27.5176,27.8932,27.8932,655677.92444047
2005-03-29,27.8276,28.2563,27.7972,28.0032,28.0032,464021.64266845
2005-03-30,28.1974,28.219,27.8491,28.0257,28.0257,656726.98138939
2005-03-31,27.9826,28.0649,27.7727,27.8139,27.8139,779662.38681875
2005-04-01,27.7727,28.112,27.398,27.6158,27.6158,685763.12421008
2005-04-04,27.5373,28.1846,27.4744,28.0179,28.0179,627379.89360326
2005-04-05,28.1974,28.219,27.7727,28.0866,28.0866,722063.14532148
2005-04-06,28.267,28.373,27.9629,28.2934,28.2934,575502.03946984
2005-04-07,28.3935,28.4347,28.1267,28.267,28.267,731639.23076493
2005-04-08,28.267,28.421,28.0532,28.1777,28.1777,570174.1758983
2005-04-11,28.0532,28.2877,28.0179,28.1974,28.1974,787566.50589073
2005-04-12,28.267,28.8369,28.1033,28.8104,28.8104,555961.44224909
2005-04-13,28.8104,28.88,28.2934,28.4544,28.4544,478784.90183023
2005-04-14,28.524,28.524,28.0395,28.1033,28.1033,519493.20500886
2005-04-15,27.8276,28.1327,27.6295,27.6452,27.6452,716327.48507398
2005-04-18,27.5873,27.7972,27.4617,27.6295,27.6295,619569.56776677
2005-04-19,27.7178,27.8785,27.4205,27.8079,27.8079,752405.25699698
2005-04-20,27.9826,28.0601,27.5216,27.6011,27.6011,1023948.9075913
2005-04-21,27.3606,27.6363,27.0527,27.497,27.497,874171.305458
2005-04-22,27.6011,27.649,27.0586,27.1872,27.1872,707754.57945341
2005-04-25,27.3763,27.4352,26.8212,27.0419,27.0419,942753.53093081
2005-04-26,26.9046,26.9203,26.2975,26.4358,26.4358,1246056.3866497
2005-04-27,26.6849,26.786,26.2248,26.6653,26.6653,710837.52232374
2005-04-28,26.7398,26.7927,26.3768,26.4838,26.4838,753475.72327139
2005-04-29,26.6653,26.9801,26.4298,26.8713,26.8713,919331.72884651
2005-05-02,27.2342,27.2469,26.4896,26.7526,26.7526,723734.09220127
2005-05-03,26.885,26.885,26.3701,26.5505,26.5505,1121838.4606744
2005-05-04,26.832,27.1292,26.5779,27.1292,27.1292,683795.50524853
2005-05-05,27.4274,27.4676,26.7182,26.9723,26.9723,854623.57179541
2005-05-06,27.3156,27.3606,26.7329,26.7329,26.7329,617982.21920555
2005-05-09,26.7251,26.8604,26.5779,26.7673,26.7673,712827.57010247
2005-05-10,26.6045,26.6045,26.0286,26.3435,26.3435,756221.21439236
2005-05-11,26.4229,26.525,26.0894,26.4896,26.4896,511038.56042433
2005-05-12,26.3848,26.5505,26.1131,26.1336,26.1336,674130.72402807
2005-05-13,26.3435,26.3435,25.7069,25.8679,25.8679,719764.1915607
2005-05-16,26.0493,26.2464,25.8619,26.0964,26.0964,609357.31950881
2005-05-17,25.8285,26.6309,25.7883,26.5505,26.5505,550529.59052518
2005-05-18,26.7251,26.8388,26.5446,26.7329,26.7329,517607.14538249
2005-05-19,26.832,26.832,26.4956,26.6897,26.6897,420492.40598381
2005-05-20,27.0341,27.1292,26.6182,26.6712,26.6712,485547.19020949
2005-05-23,26.8212,26.935,26.6603,26.8791,26.8791,565257.16747781
2005-05-24,27.0135,27.0527,26.4171,26.6387,26.6387,628507.45141232
2005-05-25,26.7927,26.7927,26.4358,26.5387,26.5387,464913.69789713
2005-05-26,26.6554,26.6603,26.4298,26.6182,26.6182,530586.29408691
2005-05-27,26.624,26.7045,26.5338,26.6045,26.6045,377708.41772451
2005-05-31,26.6309,26.6554,26.4358,26.4435,26.4435,874271.21564361
2005-06-01,26.3298,26.6897,26.316,26.6113,26.6113,694056.68910762
2005-06-02,26.4896,26.6897,26.4171,26.5387,26.5387,405096.04248259
2005-06-03,26.7398,26.7398,26.2542,26.4358,26.4358,390723.24863807
2005-06-06,26.525,26.6897,26.3848,26.677,26.677,675331.6852388
2005-06-07,26.7603,26.786,26.1984,26.4358,26.4358,775218.42254238
2005-06-08,26.5387,26.624,26.3298,26.4229,26.4229,474277.72906908
2005-06-09,26.6045,26.6182,26.2278,26.6113,26.6113,481585.44550245
2005-06-10,26.4896,26.6603,26.3229,26.4789,26.4789,422099.12488713
2005-06-13,26.3631,26.832,26.3631,26.5966,26.5966,345707.59306951
2005-06-14,26.7603,26.7603,26.4358,26.5652,26.5652,567187.06524683
2005-06-15,26.5712,26.7398,26.4789,26.6603,26.6603,347154.25177751
2005-06-16,26.7045,26.9594,26.6113,26.8664,26.8664,452234.27974957
2005-06-17,27.1605,27.4157,26.5593,27.4157,27.4157,1205775.2504891
2005-06-20,27.2273,27.3273,26.9723,27.0919,27.0919,894404.13753621
2005-06-21,27.1605,27.2538,26.8928,27.0419,27.0419,481363.19631405
2005-06-22,27.1872,27.1872,26.5093,26.6309,26.6309,846772.46629132
2005-06-23,26.7182,26.7466,26.3102,26.3474,26.3474,564417.10632531
2005-06-24,26.4358,26.4505,26.0493,26.2111,26.2111,1148345.2446123
2005-06-27,26.0375,26.7526,26.0375,26.7182,26.7182,663328.19008165
2005-06-28,26.7977,26.9467,26.7114,26.8388,26.8388,464189.85879729
2005-06-29,26.9594,26.9723,26.6897,26.786,26.786,455936.05407567
2005-06-30,26.8046,26.9272,26.4838,26.4956,26.4956,532647.70628394
2005-07-01,26.6387,26.8467,26.5338,26.8388,26.8388,438788.20385117
2005-07-05,26.778,27.1076,26.6466,27.0203,27.0203,494677.75778445
2005-07-06,26.9998,27.0419,26.5779,26.6113,26.6113,513391.54724466
2005-07-07,26.2042,26.8251,26.1199,26.7927,26.7927,536064.02293686
2005-07-08,26.8467,26.8928,26.4652,26.8713,26.8713,354392.64277596
2005-07-11,26.9998,27.1949,26.6182,27.0468,27.0468,442090.33743483
2005-07-12,27.1292,27.1292,26.8713,26.9537,26.9537,281145.22333007
2005-07-13,26.9594,27.0782,26.778,26.8604,26.8604,333185.17664218
2005-07-14,27.0135,27.0419,26.5966,26.7603,26.7603,545528.9837861
2005-07-15,26.8212,26.9537,26.6897,26.8604,26.8604,606974.76742946
2005-07-18,26.778,27.0341,26.778,26.8251,26.8251,631490.48409703
2005-07-19,26.8046,27.2655,26.7603,27.2342,27.2342,685592.86909786
2005-07-20,27.5216,27.5216,26.9998,27.4352,27.4352,1053479.5038816
2005-07-21,27.4617,27.5176,27.0861,27.2214,27.2214,435022.20154859
2005-07-22,27.3028,27.3763,27.0272,27.295,27.295,387765.70324559
2005-07-25,27.4744,27.5039,27.242,27.398,27.398,436588.14078431
2005-07-26,27.4029,27.5304,27.2273,27.4205,27.4205,332503.13670163
2005-07-27,27.2596,27.5647,27.2469,27.5039,27.5039,501076.08763039
2005-07-28,27.55,27.7922,27.5373,27.6775,27.6775,448345.9384442
2005-07-29,27.7972,27.8217,27.5039,27.6078,27.6078,569933.57585948
2005-08-01,27.7374,27.7855,27.3539,27.5176,27.5176,496745.2869316
2005-08-02,27.4617,28.2111,27.3686,27.9629,27.9629,836440.93750564
2005-08-03,27.7491,28.2062,27.5647,28.0915,28.0915,801841.42853303
2005-08-04,28.1327,28.3004,28.0032,28.1699,28.1699,820195.33742671
2005-08-05,28.0649,28.1974,27.908,27.9904,27.9904,585251.43850057
2005-08-08,28.1699,28.2249,27.7972,28.2249,28.2249,677228.95927374
2005-08-09,28.3072,28.4407,28.0649,28.1896,28.1896,448061.50026271
2005-08-10,28.3455,28.5613,27.9826,28.0601,28.0601,517122.88682978
2005-08-11,28.267,28.2877,28.011,28.2563,28.2563,428379.19369705
2005-08-12,28.2483,28.2483,27.908,27.9826,27.9826,521164.15188864
2005-08-15,28.0729,28.0729,27.6697,27.8932,27.8932,875689.32858429
2005-08-16,27.7305,28.011,27.6363,27.6834,27.6834,443073.12742391
2005-08-17,27.6295,27.7855,27.4352,27.6637,27.6637,470576.97423465
2005-08-18,27.6236,27.7648,27.4352,27.6697,27.6697,352509.64162467
2005-08-19,28.1033,28.1033,27.7305,27.8571,27.8571,535830.55933987
2005-08-22,28.0532,28.1974,27.7178,27.9149,27.9149,345595.44898362
2005-08-23,27.9708,28.0326,27.656,27.7246,27.7246,461695.16263205
2005-08-24,27.7648,27.9355,27.3833,27.4087,27.4087,382383.80661448
2005-08-25,27.3686,27.6011,27.3097,27.5941,27.5941,456734.31606888
2005-08-26,27.6775,27.6775,27.3215,27.398,27.398,314280.74223594
2005-08-29,27.2812,27.4274,26.9272,27.3833,27.3833,574839.36987139
2005-08-30,27.1742,27.295,26.8604,27.0861,27.0861,558151.31039904
2005-08-31,26.9272,27.447,26.7182,27.4157,27.4157,754306.60899867
2005-09-01,27.5216,27.5569,27.1292,27.55,27.55,638645.27677692
2005-09-02,27.6637,27.6637,27.4029,27.5373,27.5373,493655.20761945
2005-09-06,27.656,27.8932,27.4352,27.7922,27.7922,541623.31112201
2005-09-07,27.9306,27.9904,27.5647,27.9246,27.9246,531754.63156356
2005-09-08,27.804,27.8276,27.5431,27.5431,27.5431,603238.3303859
2005-09-09,27.6158,27.8708,27.4744,27.7972,27.7972,475061.71817864
2005-09-12,27.8785,28.3376,27.7178,28.2787,28.2787,1198750.9527455
2005-09-13,28.3072,28.3514,27.6295,28.1405,28.1405,1135128.5543442
2005-09-14,28.165,28.165,27.804,27.8638,27.8638,447027.73568912
2005-09-15,27.8276,27.9776,27.6078,27.9708,27.9708,994344.90789936
2005-09-16,28.1327,28.2249,27.7305,28.1464,28.1464,3158098.7782166
2005-09-19,28.0983,28.1699,27.6834,27.7972,27.7972,721341.34520502
2005-09-20,27.9022,28.3514,27.398,27.5569,27.5569,1112547.8329041
2005-09-21,27.2273,27.398,27.0998,27.1076,27.1076,920261.50526772
2005-09-22,27.0527,27.3763,26.8526,27.2655,27.2655,914801.1077765
2005-09-23,27.1949,27.5216,27.1949,27.447,27.447,461794.05332597
2005-09-26,27.447,27.5647,27.0782,27.2596,27.2596,539041.95816312
2005-09-27,27.398,27.7089,27.2342,27.5569,27.5569,761301.34148324
2005-09-28,27.7432,27.8491,27.4157,27.6363,27.6363,401551.26987673
2005-09-29,27.7972,28.0649,27.5373,28.0395,28.0395,863316.77743538
2005-09-30,28.0649,28.0983,27.7785,28.0601,28.0601,655425.09050136
2005-10-03,27.9963,28.1896,27.8276,28.0983,28.0983,1007215.9904847
2005-10-04,28.0326,28.2877,27.9188,27.9708,27.9708,635944.64329032
2005-10-05,27.9246,27.9502,27.4744,27.4744,27.4744,516607.02403468
2005-10-06,27.497,27.8344,27.3763,27.5697,27.5697,549765.99124943
2005-10-07,27.7374,27.7374,27.3028,27.4676,27.4676,502896.8997886
2005-10-10,27.4411,27.5304,27.1292,27.295,27.295,315646.86110044
2005-10-11,27.4352,27.4883,26.9272,26.9871,26.9871,696429.04627006
2005-10-12,27.1224,27.3028,26.7466,27.0586,27.0586,790643.33181092
2005-10-13,27.2165,27.295,26.8388,27.0272,27.0272,1177080.6373846
2005-10-14,27.295,27.295,26.7329,27.0732,27.0732,887654.08305723
2005-10-17,27.9571,28.0649,27.2596,27.4559,27.4559,1092744.2068274
2005-10-18,27.5304,27.5569,27.3097,27.3097,27.3097,961021.80252254
2005-10-19,27.242,27.6078,27.1155,27.6011,27.6011,707151.04037298
2005-10-20,27.6775,27.7727,27.0998,27.2538,27.2538,944201.2091305
2005-10-21,27.6941,27.6941,27.1742,27.4029,27.4029,603328.0456546
2005-10-24,27.6011,27.8638,27.4029,27.8571,27.8571,825090.93652172
2005-10-25,27.6697,27.804,27.3539,27.5697,27.5697,421705.60109482
2005-10-26,27.5107,28.0866,27.5107,27.6834,27.6834,370827.86830922
2005-10-27,27.6637,27.9904,27.6158,27.7089,27.7089,386837.96580777
2005-10-28,27.8785,28.2563,27.7432,28.2062,28.2062,474861.89780741
2005-10-31,28.4612,28.5838,28.2563,28.4995,28.4995,948057.94619347
2005-11-01,28.3004,28.7084,27.9826,28.5838,28.5838,704455.50434483
2005-11-02,28.6339,29.3695,28.4878,29.3608,29.3608,887458.34065276
2005-11-03,29.5333,29.5333,29.037,29.1654,29.1654,627746.91061164
2005-11-04,29.2244,29.2764,28.8104,29.1077,29.1077,501770.36147123
2005-11-07,29.3313,29.3313,28.7967,29.1861,29.1861,561143.51850897
2005-11-08,29.1507,29.2685,28.8036,29.1654,29.1654,572074.50840832
2005-11-09,29.2685,29.4627,28.7545,29.3107,29.3107,552134.27044512
2005-11-10,29.1911,29.9541,29.1911,29.9129,29.9129,626426.66887318
2005-11-11,29.9718,29.9982,29.7668,29.9806,29.9806,362653.58393942
2005-11-14,29.9982,30.0277,29.7128,30.0139,30.0139,351872.45931847
2005-11-15,29.9865,30.1288,29.5666,29.6579,29.6579,425943.62804983
2005-11-16,29.5726,29.6658,29.1958,29.3313,29.3313,630929.76366757
2005-11-17,29.4186,29.5117,28.9625,29.5049,29.5049,526545.02902805
2005-11-18,30.0797,30.0797,29.3313,29.7854,29.7854,541790.50775916
2005-11-21,29.6364,29.7727,29.1587,29.5785,29.5785,435514.61603483
2005-11-22,29.4373,29.76,29.3969,29.76,29.76,676147.27859074
2005-11-23,29.5785,29.9718,29.5785,29.861,29.861,293559.57363826
2005-11-25,29.9218,30.0748,29.5923,29.7393,29.7393,197322.6165846
2005-11-28,29.6746,29.8992,29.5599,29.7786,29.7786,476761.21082573
2005-11-29,29.9649,30.0679,29.7786,29.8246,29.8246,380894.32925551
2005-11-30,29.9541,29.9865,29.6364,29.8109,29.8109,923061.02944825
2005-12-01,29.8246,30.1798,29.7924,30.1395,30.1395,688689.06536016
2005-12-02,29.9806,30.166,29.8934,30.1219,30.1219,525039.23980204
2005-12-05,30.0611,30.3681,30.0277,30.2789,30.2789,762707.22052364
2005-12-06,30.2846,30.7584,30.2562,30.3474,30.3474,650653.86939252
2005-12-07,30.3769,30.4073,30.1395,30.2092,30.2092,490987.19786692
2005-12-08,30.3093,30.5289,30.1219,30.3847,30.3847,709180.84832761
2005-12-09,30.1719,30.7035,30.1719,30.4897,30.4897,459373.78005409
2005-12-12,30.4397,30.5034,29.9982,30.3093,30.3093,539759.68031283
2005-12-13,30.3681,30.4837,29.8992,30.4534,30.4534,550773.24903907
2005-12-14,30.5505,30.7791,30.4122,30.5967,30.5967,339297.02932327
2005-12-15,30.478,30.6114,30.1288,30.3612,30.3612,486737.95650332
2005-12-16,30.3769,30.478,30.1395,30.1395,30.1395,1126754.4496032
2005-12-19,30.1288,30.2789,30.0062,30.1111,30.1111,486745.09294515
2005-12-20,30.1719,30.1866,29.9581,29.9718,29.9718,412884.9589936
2005-12-21,29.9424,30.2239,29.7276,29.9355,29.9355,462954.2348691
2005-12-22,29.9924,30.0875,29.8109,30.0277,30.0277,278042.91011763
2005-12-23,30.1395,30.2789,30.0062,30.1866,30.1866,197563.21662342
2005-12-27,30.2789,30.4289,29.7786,29.7981,29.7981,331776.23912671
2005-12-28,29.9718,30.2405,29.855,30.1111,30.1111,397041.03864052
2005-12-29,29.9355,30.3317,29.9355,30.0219,30.0219,220868.79665507
2005-12-30,29.8815,30.1219,29.7334,29.9277,29.9277,280539.64526625
2006-01-03,29.9355,30.1395,29.3401,30.0748,30.0748,842106.25282653
2006-01-04,29.7727,30.4967,29.7727,30.4348,30.4348,547928.86722419
2006-01-05,30.2789,30.469,30.0611,30.1955,30.1955,602382.97685804
2006-01-06,30.1955,30.478,30.1719,30.478,30.478,382765.09650652
2006-01-09,30.3269,30.5692,30.2966,30.3681,30.3681,469571.7554284
2006-01-10,30.4122,30.4348,30.0748,30.4073,30.4073,365742.64375988
2006-01-11,30.2846,30.469,30.2239,30.4397,30.4397,317833.67077533
2006-01-12,30.478,30.478,30.1395,30.2278,30.2278,296786.26483687
2006-01-13,30.5289,30.5692,30.3269,30.5161,30.5161,496294.67160465
2006-01-17,30.7428,30.7712,30.1602,30.4122,30.4122,558712.0308285
2006-01-18,30.3994,30.8105,30.2612,30.3612,30.3612,406771.06732914
2006-01-19,30.4397,30.5692,30.3269,30.3387,30.3387,393113.95665093
2006-01-20,30.3387,30.4122,29.7668,29.8109,29.8109,626775.33503114
2006-01-23,29.7276,30.2023,29.6943,29.8482,29.8482,413075.60393962
2006-01-24,29.9718,29.9806,29.6579,29.8403,29.8403,389677.25016421
2006-01-25,29.8031,29.9355,29.5726,29.7668,29.7668,384865.24938776
2006-01-26,29.9982,30.4073,29.9982,30.1719,30.1719,670105.77083625
2006-01-27,30.1464,30.3916,29.9541,30.1111,30.1111,422979.96570722
2006-01-30,30.0748,30.469,30.0679,30.4348,30.4348,413276.44380254
2006-01-31,30.478,30.6447,30.1159,30.5034,30.5034,635517.47627224
2006-02-01,30.32,30.5967,30.0679,30.315,30.315,685574.51824745
2006-02-02,30.3317,30.3681,29.6579,29.6991,29.6991,572494.53898458
2006-02-03,29.5726,29.6364,29.3969,29.4186,29.4186,577461.50249787
2006-02-06,29.3401,29.7854,29.3048,29.6255,29.6255,711243.28001633
2006-02-07,29.6491,30.0611,29.598,29.9806,29.9806,720676.6366232
2006-02-08,30.3681,30.6114,29.9924,30.3387,30.3387,875799.43368681
2006-02-09,29.8767,30.1955,29.0674,29.1077,29.1077,996158.58361574
2006-02-10,29.1292,29.4186,29.037,29.4186,29.4186,556408.99910097
2006-02-13,29.2911,29.3765,29.0037,29.1233,29.1233,681376.25146835
2006-02-14,29.2832,29.5853,29.0733,29.4116,29.4116,694415.55018246
2006-02-15,29.5923,29.5923,29.3401,29.5245,29.5245,550259.42522734
2006-02-16,29.4373,29.6491,29.2832,29.6491,29.6491,420880.83231767
2006-02-17,29.6579,29.7727,29.4627,29.6452,29.6452,552708.24426655
2006-02-21,29.7924,29.7924,29.4039,29.4833,29.4833,440786.40756342
2006-02-22,29.604,30.0875,29.5726,29.9718,29.9718,411097.79006117
2006-02-23,29.9982,29.9982,29.6255,29.8109,29.8109,369764.53847662
2006-02-24,29.7668,29.8815,29.5726,29.8767,29.8767,405068.51620698
2006-02-27,29.9277,30.0797,29.7128,29.8178,29.8178,453607.53505589
2006-02-28,29.6491,29.8482,29.5726,29.7128,29.7128,720193.39756217
2006-03-01,29.5853,29.7472,29.5726,29.6991,29.6991,419456.60242685
2006-03-02,29.5412,29.6255,29.3842,29.4186,29.4186,414437.64483735
2006-03-03,29.3048,29.5853,29.2371,29.3234,29.3234,402593.19038383
2006-03-06,29.2685,29.4441,29.1077,29.2626,29.2626,437474.07906285
2006-03-07,29.1714,29.3765,29.1292,29.3313,29.3313,281537.72763068
2006-03-08,29.3048,29.4627,29.2302,29.4116,29.4116,292812.28622954
2006-03-09,29.4686,29.4686,29.3048,29.3107,29.3107,246053.29987123
2006-03-10,29.2371,29.5666,29.1958,29.5245,29.5245,408091.30906759
2006-03-13,29.8031,29.8934,29.498,29.5923,29.5923,333474.71228212
2006-03-14,29.3765,29.855,29.3765,29.8246,29.8246,308474.73706183
2006-03-15,29.8992,29.9061,29.5117,29.7786,29.7786,570899.03448983
2006-03-16,29.9718,30.5289,29.9472,30.2846,30.2846,521353.77734296
2006-03-17,30.478,30.5692,30.2789,30.3769,30.3769,613036.66501774
2006-03-20,30.422,30.469,30.0955,30.2846,30.2846,407610.10898994
2006-03-21,30.4073,30.4967,30.1336,30.2092,30.2092,389680.30863927
2006-03-22,29.9718,30.1719,29.598,29.707,29.707,590526.28850423
2006-03-23,29.755,29.7924,29.2764,29.4519,29.4519,1809032.9512171
2006-03-24,29.4264,29.6863,29.3842,29.4627,29.4627,507099.24453446
2006-03-27,29.3401,29.4441,29.1587,29.2371,29.2371,286191.70719519
2006-03-28,29.1911,29.2626,28.6545,28.88,28.88,1081062.8710442
2006-03-29,28.8104,29.0968,28.8104,28.9693,28.9693,612726.739544
2006-03-30,28.829,29.0733,28.5838,28.6084,28.6084,924486.27883076
2006-03-31,28.5761,28.5956,28.0983,28.1777,28.1777,1165482.89992
2006-04-03,28.4935,28.6211,28.2317,28.4485,28.4485,1134010.1719603
2006-04-04,28.3563,28.731,28.3455,28.5319,28.5319,726678.38420177
2006-04-05,28.6015,28.6946,28.219,28.4347,28.4347,707676.07859329
2006-04-06,28.3328,28.4691,28.1846,28.3455,28.3455,791638.35570028
2006-04-07,28.3455,28.4798,27.9423,28.0179,28.0179,825149.04754805
2006-04-10,28.0257,28.165,27.9629,28.1033,28.1033,479242.653599
2006-04-11,28.1572,28.1974,27.7432,27.8932,27.8932,631193.81201526
2006-04-12,28.0032,28.0395,27.8217,27.8491,27.8491,388991.13225688
2006-04-13,27.9149,28.0395,27.7432,27.8708,27.8708,486299.57507664
2006-04-17,27.8139,27.9149,27.6011,27.7491,27.7491,360538.13868283
2006-04-18,27.6697,28.3328,27.6697,28.2483,28.2483,796486.03868586
2006-04-19,28.1572,28.5613,28.1327,28.3072,28.3072,419894.98385351
2006-04-20,28.272,28.4935,28.2249,28.3455,28.3455,422579.30547308
2006-04-21,28.4995,28.4995,28.1464,28.2934,28.2934,417202.50630043
2006-04-24,28.1327,28.1699,27.9306,27.9963,27.9963,558989.33256815
2006-04-25,27.9149,28.0326,27.7785,27.9355,27.9355,450322.73283095
2006-04-26,28.0326,28.2406,27.9423,28.1572,28.1572,413083.75987314
2006-04-27,28.0915,28.5446,27.9963,28.3563,28.3563,323258.38605741
2006-04-28,28.3857,28.6613,27.9629,28.5613,28.5613,568514.44342711
2006-05-01,28.4073,28.6613,28.1267,28.1572,28.1572,476903.93966232
2006-05-02,28.118,28.6398,28.0796,28.5908,28.5908,534310.49723019
2006-05-03,28.9498,29.6452,28.8036,29.5049,29.5049,978008.57306003
2006-05-04,29.5049,29.7197,29.2979,29.2979,29.2979,622981.80645294
2006-05-05,29.3765,29.8031,29.3765,29.7334,29.7334,538285.49532921
2006-05-08,29.604,29.9061,29.598,29.7276,29.7276,527296.39440353
2006-05-09,29.6746,29.9277,29.6294,29.7786,29.7786,409618.5076191
2006-05-10,29.6364,29.9355,29.6364,29.7981,29.7981,331581.51621394
2006-05-11,29.7276,29.9718,29.6991,29.7128,29.7128,448492.74524754
2006-05-12,29.5049,29.9541,29.5049,29.5245,29.5245,447206.14673486
2006-05-15,29.5245,30.3023,29.4441,30.2789,30.2789,848954.17850775
2006-05-16,30.3916,30.3994,29.8815,29.9581,29.9581,573511.99169111
2006-05-17,29.855,30.1866,29.7854,29.8874,29.8874,684391.90788713
2006-05-18,29.8325,30.0139,29.6746,29.6991,29.6991,462846.16874997
2006-05-19,29.7727,30.1288,29.707,29.9649,29.9649,694148.4433597
2006-05-22,29.8031,30.315,29.7981,30.0611,30.0611,748806.45133155
2006-05-23,29.9865,30.217,29.9129,29.9129,29.9129,448845.48937227
2006-05-24,30.0955,30.2092,29.7854,29.9218,29.9218,680127.37414819
2006-05-25,30.2405,30.2699,29.6491,30.0679,30.0679,612141.55131398
2006-05-26,30.2699,30.3093,29.9541,30.1288,30.1288,367293.29062025
2006-05-30,30.1336,30.217,29.8874,29.8874,29.8874,701244.10552157
2006-05-31,29.8815,30.7035,29.8815,30.7035,30.7035,1494036.5258149
2006-06-01,30.7428,31.039,30.4897,31.0321,31.0321,1088037.213695
2006-06-02,30.8712,31.2401,30.6968,31.1126,31.1126,717059.48010734
2006-06-05,31.0036,31.1596,30.5642,30.6378,30.6378,619775.50508813
2006-06-06,30.5642,30.9507,30.3317,30.7791,30.7791,821703.16563611
2006-06-07,30.8036,31.2401,30.7653,31.0469,31.0469,658455.0198038
2006-06-08,30.9654,31.5275,30.7791,31.4725,31.4725,1120122.6561602
2006-06-09,31.3744,31.5716,31.2087,31.2784,31.2784,589963.5290914
2006-06-12,31.0684,31.448,31.0684,31.1381,31.1381,793619.2280538
2006-06-13,31.4785,31.7746,31.2852,31.3666,31.3666,2288127.778521
2006-06-14,31.4785,31.4785,30.9576,31.2008,31.2008,1135038.8390755
2006-06-15,31.2137,31.5638,30.3093,31.4432,31.4432,1040520.745011
2006-06-16,31.346,31.4666,31.2087,31.2724,31.2724,870782.5150807
2006-06-19,31.4225,31.4432,30.8996,31.0273,31.0273,637055.88923232
2006-06-20,31.0116,31.1793,30.8575,31.0684,31.0684,684420.45365447
2006-06-21,31.1528,31.1793,30.8635,30.8996,30.8996,558150.29090736
2006-06-22,30.9713,30.985,30.6221,30.6221,30.6221,539838.18117295
2006-06-23,30.5505,30.6574,30.3269,30.4073,30.4073,822762.41750194
2006-06-26,30.4073,30.7653,30.0748,30.7085,30.7085,797325.08034666
2006-06-27,30.7584,30.8782,30.5289,30.6309,30.6309,644369.72261584
2006-06-28,30.6721,31.086,30.5114,31.0469,31.0469,911884.34205163
2006-06-29,31.1733,31.3146,30.9507,31.2008,31.2008,1346673.0800032
2006-06-30,31.346,31.5952,31.2646,31.4863,31.4863,2263733.3813646
2006-07-03,31.6019,31.9522,31.555,31.9247,31.9247,506182.72150522
2006-07-05,31.9894,32.0503,31.5638,31.7963,31.7963,1169973.7608141
2006-07-06,31.7826,32.1052,31.7472,32.0876,32.0876,783089.91788027
2006-07-07,32.1121,32.1209,31.8158,31.8364,31.8364,754896.89468714
2006-07-10,31.964,32.1798,31.811,32.065,32.065,673070.45267054
2006-07-11,32.1494,32.1494,31.9247,32.1161,32.1161,709349.06445646
2006-07-12,32.1798,32.1798,31.7746,31.8718,31.8718,658378.55792706
2006-07-13,31.861,31.861,31.448,31.5353,31.5353,494067.08226217
2006-07-14,31.4666,31.5775,30.9654,31.0193,31.0193,791331.4887016
2006-07-17,30.8448,31.2137,30.8311,31.086,31.086,586533.9590465
2006-07-18,31.0273,31.2137,30.94,31.1733,31.1733,653836.72244845
2006-07-19,31.3146,31.7472,31.2852,31.5275,31.5275,829562.42707372
2006-07-20,31.6393,31.7109,31.4666,31.5275,31.5275,546274.23221144
2006-07-21,31.6149,31.6149,31.0606,31.1655,31.1655,688524.92719809
2006-07-24,31.3225,31.6393,31.1184,31.6019,31.6019,547403.82900388
2006-07-25,31.7364,31.9954,31.4863,31.8158,31.8158,942429.33257341
2006-07-26,31.7187,31.9561,31.6687,31.7893,31.7893,744057.65903988
2006-07-27,31.861,32.1161,31.2607,31.2852,31.2852,896000.66152262
2006-07-28,31.4,31.8364,31.3519,31.4922,31.4922,837861.0894297
2006-07-31,31.4225,31.6471,31.4,31.5892,31.5892,1002830.1372346
2006-08-01,31.7187,31.7472,31.4068,31.4922,31.4922,764705.42423589
2006-08-02,31.4,31.7826,31.3225,31.6952,31.6952,649501.8437829
2006-08-03,31.448,31.6952,30.9507,31.1449,31.1449,857293.62053132
2006-08-04,31.3225,31.5952,31.1321,31.2548,31.2548,736928.35365225
2006-08-07,31.3146,31.3597,31.0537,31.1449,31.1449,618440.99046602
2006-08-08,31.2087,31.3804,31.0116,31.1449,31.1449,607707.78195451
2006-08-09,31.3666,31.4785,31.0537,31.0959,31.0959,576228.93704476
2006-08-10,30.94,31.2607,30.94,31.2184,31.2184,917709.71756785
2006-08-11,31.1244,31.2607,30.9889,31.0537,31.0537,440655.91262711
2006-08-14,31.2137,31.3666,30.9654,31.1244,31.1244,577836.67543977
2006-08-15,30.1523,31.0321,30.1523,30.8712,30.8712,1060721.9728469
2006-08-16,30.8105,31.2184,30.8105,31.2137,31.2137,415856.77726973
2006-08-17,31.1244,31.2548,30.8311,31.039,31.039,966416.95254561
2006-08-18,31.1184,31.2646,30.985,31.1244,31.1244,519516.65331772
2006-08-21,30.9263,31.188,30.884,30.9889,30.9889,452341.32637701
2006-08-22,30.8516,31.0036,30.7516,30.9654,30.9654,547673.99430171
2006-08-23,31.0036,31.1793,30.731,30.8448,30.8448,714139.65590741
2006-08-24,30.8311,31.1321,30.7791,31.093,31.093,335486.16938635
2006-08-25,31.0116,31.1793,30.731,30.7653,30.7653,347613.02303798
2006-08-28,30.7035,30.9468,30.4122,30.8311,30.8311,637864.34614243
2006-08-29,30.7428,31.2184,30.6644,31.0321,31.0321,1148007.792863
2006-08-30,30.9468,31.3666,30.9468,31.1596,31.1596,446804.46700903
2006-08-31,31.0743,31.3274,31.0743,31.2784,31.2784,695588.98511756
2006-09-01,31.4666,31.7187,31.3274,31.3666,31.3666,636319.81623219
2006-09-05,31.2401,31.6149,31.2137,31.2184,31.2184,499416.35515921
2006-09-06,31.1184,31.3666,30.9116,30.9263,30.9263,850272.38126283
2006-09-07,30.7712,31.0606,30.6771,30.8311,30.8311,898123.24322105
2006-09-08,30.7712,30.9654,30.7712,30.94,30.94,785087.10210083
2006-09-11,30.9713,31.6815,30.932,31.4666,31.4666,1160471.0787723
2006-09-12,31.555,31.7746,31.5206,31.7423,31.7423,608081.93540471
2006-09-13,31.6756,31.9698,31.6756,31.8806,31.8806,486014.11740347
2006-09-14,31.7893,32.0719,31.7688,32.0572,32.0572,623651.61249321
2006-09-15,32.3112,32.5191,32.1837,32.4456,32.4456,1360071.2397923
2006-09-18,32.3515,32.4544,32.2778,32.426,32.426,1094504.8689758
2006-09-19,32.3838,32.4328,32.1004,32.2848,32.2848,898751.25010205
2006-09-20,32.2249,32.4544,32.065,32.271,32.271,363694.48495483
2006-09-21,32.371,32.371,31.8158,31.9316,31.9316,471535.29642319
2006-09-22,31.8306,31.9954,31.655,31.9188,31.9188,358606.20193041
2006-09-25,32.0288,32.271,31.7826,32.2249,32.2249,681571.99387281
2006-09-26,32.1651,32.4593,32.1052,32.3181,32.3181,824929.85683471
2006-09-27,32.1905,32.4043,32.1719,32.3838,32.3838,800581.33680428
2006-09-28,32.2915,32.5515,32.2915,32.419,32.419,763477.95624123
2006-09-29,32.3456,32.4377,32.1837,32.2308,32.2308,1079992.4047699
2006-10-02,32.2504,32.3456,32.0719,32.2249,32.2249,567594.8619228
2006-10-03,32.3406,32.4946,32.3053,32.4456,32.4456,824768.77714771
2006-10-04,32.3672,32.6064,32.3515,32.4868,32.4868,495952.12239684
2006-10-05,32.3769,32.6643,32.3769,32.579,32.579,664057.12663994
2006-10-06,32.5515,32.579,32.3838,32.5584,32.5584,468296.3713243
2006-10-09,32.5927,32.6064,32.4043,32.5457,32.5457,235494.42443869
2006-10-10,32.4868,32.6525,32.4043,32.5515,32.5515,376690.96501796
2006-10-11,32.5672,32.6349,32.3838,32.5515,32.5515,652775.43159924
2006-10-12,32.5123,32.6211,32.4377,32.4946,32.4946,705005.01036569
2006-10-13,32.579,32.7555,32.4593,32.7007,32.7007,413903.43119184
2006-10-16,32.7555,32.8262,32.6211,32.7007,32.7007,352724.75437125
2006-10-17,32.6643,32.8399,32.3515,32.7605,32.7605,570874.56668929
2006-10-18,32.7487,32.9459,32.7064,32.8684,32.8684,434695.96420781
2006-10-19,32.9036,32.9036,32.579,32.6722,32.6722,572035.7677241
2006-10-20,32.8331,32.8684,32.5515,32.6584,32.6584,514400.84401769
2006-10-23,32.6859,32.9212,32.5672,32.8202,32.8202,489575.20187638
2006-10-24,31.655,32.0435,31.3225,31.4147,31.4147,1721165.0014461
2006-10-25,31.3225,31.448,30.7791,31.0321,31.0321,1308688.8586201
2006-10-26,30.9576,31.5834,30.6968,31.5275,31.5275,1322849.5981932
2006-10-27,31.3402,31.4559,30.8242,30.8516,30.8516,882493.41612283
2006-10-30,30.7712,30.9713,30.7035,30.8516,30.8516,831889.92660182
2006-10-31,30.7085,30.9576,30.5161,30.576,30.576,1230445.9298935
2006-11-01,30.8712,30.8712,30.4073,30.478,30.478,1008804.3585375
2006-11-02,30.3269,31.0743,30.3269,30.4613,30.4613,917328.42767582
2006-11-03,30.4397,30.5554,30.3093,30.422,30.422,667285.85682191
2006-11-06,30.3317,30.576,30.3317,30.5241,30.5241,577308.57874439
2006-11-07,30.4397,30.5642,30.3681,30.469,30.469,704102.76022011
2006-11-08,30.4475,30.6221,30.4073,30.4613,30.4613,436422.98313055
2006-11-09,30.478,30.478,30.0748,30.2789,30.2789,1097648.9813476
2006-11-10,30.2562,30.3847,30.2092,30.32,30.32,496649.45471274
2006-11-13,30.3093,30.5289,30.3023,30.478,30.478,635640.83476671
2006-11-14,30.4475,30.576,30.3847,30.4534,30.4534,837843.75807097
2006-11-15,30.3769,30.5114,30.3317,30.3544,30.3544,778031.20011488
2006-11-16,30.3023,30.731,30.3023,30.6152,30.6152,570483.08188035
2006-11-17,30.5161,30.6447,30.3847,30.4073,30.4073,660464.43792464
2006-11-20,30.166,30.4073,30.0875,30.3474,30.3474,660370.64468917
2006-11-21,30.4181,30.4181,30.2337,30.3093,30.3093,762817.32562616
2006-11-22,30.1798,30.4397,30.1798,30.3023,30.3023,290204.42648672
2006-11-24,30.2239,30.2966,30.1523,30.1866,30.1866,152095.92623623
2006-11-27,30.0875,30.1866,29.6658,29.7128,29.7128,666838.29997004
2006-11-28,29.6177,29.9541,29.604,29.7197,29.7197,707699.52690215
2006-11-29,29.707,30.0139,29.6943,29.861,29.861,531710.7934209
2006-11-30,29.8031,29.9581,29.6364,29.6579,29.6579,965176.23115898
2006-12-01,29.4686,29.9129,29.3401,29.6364,29.6364,1101905.359153
2006-12-04,30.0955,30.1955,29.8815,30.1111,30.1111,1017376.2446664
2006-12-05,30.0679,30.4613,30.0473,30.3916,30.3916,536753.19931924
2006-12-06,30.2906,30.8242,30.2906,30.6114,30.6114,840849.21957286
2006-12-07,30.7085,30.7085,30.4475,30.5642,30.5642,722705.42508613
2006-12-08,30.4613,30.7242,30.4613,30.6644,30.6644,446208.06437043
2006-12-11,30.6721,30.9713,30.6721,30.8379,30.8379,409150.56093341
2006-12-12,30.7584,30.9654,30.7584,30.9654,30.9654,585478.78514743
2006-12-13,30.94,31.0959,30.8712,30.9468,30.9468,616542.69693938
2006-12-14,31.0116,31.1184,30.8635,31.0684,31.0684,1027182.7352318
2006-12-15,31.0743,31.3146,31.039,31.2646,31.2646,1404033.760445
2006-12-18,31.4068,31.4068,30.7849,30.8311,30.8311,954086.20055599
2006-12-19,30.8712,31.039,30.8105,30.9263,30.9263,1127346.774275
2006-12-20,30.8242,30.9468,30.6152,30.6898,30.6898,604623.8195925
2006-12-21,30.7035,30.94,30.5034,30.5161,30.5161,551085.21349619
2006-12-22,30.5034,30.7085,30.3994,30.4073,30.4073,530246.80335416
2006-12-26,30.2966,30.5819,30.2484,30.478,30.478,826698.67491673
2006-12-27,30.6045,30.8379,30.5161,30.6771,30.6771,673766.76549476
2006-12-28,30.5878,30.7986,30.5241,30.6045,30.6045,447840.27056599
2006-12-29,30.7035,30.7035,30.1955,30.3474,30.3474,728286.12259677
2007-01-03,30.3769,30.8105,30.2906,30.6898,30.6898,831906.23846886
2007-01-04,30.5819,30.7085,30.3544,30.5446,30.5446,706038.77493928
2007-01-05,30.4613,30.478,30.166,30.3269,30.3269,722344.52502791
2007-01-08,30.2699,30.4073,30.0679,30.3847,30.3847,808782.12795803
2007-01-09,30.3847,30.5114,30.0955,30.1798,30.1798,676896.60498282
2007-01-10,30.0875,30.3317,30.0277,30.1523,30.1523,795247.3562826
2007-01-11,30.2278,30.3387,30.1288,30.2239,30.2239,527913.18687593
2007-01-12,30.1395,30.4613,30.1395,30.3847,30.3847,690614.88516243
2007-01-16,30.478,30.6045,30.3612,30.4397,30.4397,478050.86781348
2007-01-17,30.3317,30.5289,30.1159,30.1866,30.1866,651981.2475728
2007-01-18,30.3093,30.4122,30.1464,30.3023,30.3023,541229.7873297
2007-01-19,30.3269,30.469,30.1288,30.4289,30.4289,668664.2095867
2007-01-22,30.3317,30.3544,30.0955,30.2337,30.2337,656002.12279786
2007-01-23,30.166,30.4613,30.166,30.4073,30.4073,471979.79479999
2007-01-24,30.4613,30.7653,30.422,30.7584,30.7584,488818.73904244
2007-01-25,30.6898,30.7986,30.2484,30.3544,30.3544,431965.76546221
2007-01-26,30.4073,30.4534,29.9129,30.1111,30.1111,512803.30053958
2007-01-29,30.0679,30.32,29.9806,30.1719,30.1719,504665.71787061
2007-01-30,30.0748,30.2278,30.0551,30.1336,30.1336,390879.23086662
2007-01-31,30.1602,30.1955,29.7981,29.9649,29.9649,1077979.9281738
2007-02-01,29.9649,30.4348,29.9218,30.3769,30.3769,1024149.7474542
2007-02-02,30.3847,30.7986,30.2405,30.7242,30.7242,757670.93157543
2007-02-05,30.6574,30.7908,30.5289,30.6309,30.6309,462632.0754951
2007-02-06,30.731,30.9713,30.5967,30.6378,30.6378,754887.71926194
2007-02-07,30.3093,30.4181,29.9129,30.1464,30.1464,1543345.2608897
2007-02-08,29.7472,29.8815,29.4186,29.4441,29.4441,1294171.2969556
2007-02-09,29.4441,29.604,29.1793,29.3695,29.3695,1306670.265074
2007-02-12,29.4755,29.5726,29.1361,29.1958,29.1958,663438.29518415
2007-02-13,29.2018,29.4373,29.1587,29.3528,29.3528,690233.5952704
2007-02-14,29.2685,29.5471,29.2685,29.4627,29.4627,698496.57541722
2007-02-15,29.598,29.7197,29.5599,29.6658,29.6658,830641.04928167
2007-02-16,29.5785,29.76,29.4373,29.598,29.598,820399.2357647
2007-02-20,29.6579,29.7128,29.4264,29.6255,29.6255,928576.47949074
2007-02-21,29.604,29.604,29.4627,29.5049,29.5049,647572.96550557
2007-02-22,29.7197,29.8031,29.5117,29.6177,29.6177,621374.06805794
2007-02-23,29.5412,29.6658,29.3969,29.4755,29.4755,777380.76441671
2007-02-26,29.4833,29.6579,29.2302,29.4373,29.4373,674892.28432043
2007-02-27,29.3401,29.4627,28.8036,28.8104,28.8104,1314294.0239313
2007-02-28,28.8429,29.2018,28.7967,28.9498,28.9498,1005739.7665176
2007-03-01,28.8036,29.2087,28.5613,29.0448,29.0448,1417077.1371259
2007-03-02,28.8429,29.1028,28.6829,28.7084,28.7084,1098709.2527051
2007-03-05,28.6613,28.9693,28.4612,28.4612,28.4612,1027482.4657886
2007-03-06,28.5192,28.7388,28.5122,28.5761,28.5761,1651416.47748
2007-03-07,28.5761,28.731,28.4798,28.5055,28.5055,984491.52071625
2007-03-08,28.6486,28.8957,28.6015,28.7967,28.7967,606190.77831991
2007-03-09,28.9027,28.9027,28.6398,28.8663,28.8663,569097.59267375
2007-03-12,28.8036,28.88,28.7545,28.829,28.829,701498.97844405
2007-03-13,28.8104,28.829,28.3258,28.3328,28.3328,920652.99007665
2007-03-14,28.3455,28.4612,27.7579,28.2934,28.2934,1187844.4306468
2007-03-15,28.1974,28.6015,28.1572,28.4878,28.4878,1418293.390712
2007-03-16,28.5956,28.6946,28.3376,28.5761,28.5761,1194831.0071978
2007-03-19,28.6613,28.887,28.6015,28.7545,28.7545,1322827.1693759
2007-03-20,28.8604,28.8604,28.6015,28.6398,28.6398,1189190.1596775
2007-03-21,28.5838,29.1361,28.3004,29.0625,29.0625,1225953.0300161
2007-03-22,28.9693,29.1155,28.7084,28.727,28.727,902301.12016636
2007-03-23,28.7967,28.8957,28.6829,28.88,28.88,719371.68726009
2007-03-26,28.8369,28.8369,28.4544,28.8036,28.8036,944894.46347964
2007-03-27,28.8036,28.8036,28.5613,28.628,28.628,453881.77832048
2007-03-28,28.5387,28.5672,28.2877,28.3004,28.3004,949174.28959394
2007-03-29,28.3857,28.5122,28.1777,28.3798,28.3798,999208.90275199
2007-03-30,28.4691,28.5672,28.165,28.4004,28.4004,1054671.2896672
2007-04-02,28.3455,28.5672,28.3455,28.5122,28.5122,566694.6507606
2007-04-03,28.5319,28.9095,28.524,28.7899,28.7899,760600.95069227
2007-04-04,28.727,28.8222,28.6211,28.6613,28.6613,635064.82196191
2007-04-05,28.8104,28.8742,28.6123,28.7829,28.7829,445799.24820276
2007-04-09,28.7084,28.7702,28.524,28.5534,28.5534,540962.68050694
2007-04-10,28.4544,28.8036,28.4544,28.5908,28.5908,455541.51079167
2007-04-11,28.6613,28.7545,28.524,28.6398,28.6398,616865.87580509
2007-04-12,28.6751,28.6946,28.3563,28.5956,28.5956,436928.65100876
2007-04-13,28.9693,29.4833,28.8369,29.4686,29.4686,1230946.5003133
2007-04-16,29.598,30.5692,29.598,30.4837,30.4837,1192017.2101336
2007-04-17,30.4897,30.6574,30.422,30.5114,30.5114,1107683.8380515
2007-04-18,30.5819,30.7242,30.3023,30.6309,30.6309,886386.85488665
2007-04-19,30.6309,30.7085,30.5446,30.6309,30.6309,782855.43479159
2007-04-20,30.8379,30.9959,30.4613,30.8105,30.8105,1097875.3085027
2007-04-23,30.8105,30.9507,30.7359,30.7428,30.7428,454664.74793834
2007-04-24,30.8105,30.8173,30.478,30.5878,30.5878,704340.30178387
2007-04-25,30.8036,31.1381,30.6898,31.0469,31.0469,1073395.2740443
2007-04-26,31.0036,31.0959,30.6574,30.7035,30.7035,1067081.5620087
2007-04-27,30.6221,30.8311,30.5878,30.7653,30.7653,784405.06216028
2007-04-30,30.6644,30.8782,30.2966,30.3023,30.3023,906411.71066013
2007-05-01,30.2699,30.5368,30.2699,30.3681,30.3681,697343.53031592
2007-05-02,30.315,30.8242,30.315,30.5967,30.5967,771922.40590887
2007-05-03,30.5967,30.8105,30.3681,30.7791,30.7791,982859.31452069
2007-05-04,30.9576,30.9576,30.5878,30.7791,30.7791,766943.20849527
2007-05-07,30.8105,31.4068,30.7791,31.3519,31.3519,986385.73627613
2007-05-08,31.802,32.4544,31.5775,31.8953,31.8953,1411446.4845225
2007-05-09,31.8434,32.0365,31.6019,31.6815,31.6815,1087745.6390716
2007-05-10,31.6815,31.7109,31.2724,31.2852,31.2852,977184.82377457
2007-05-11,31.3225,31.4922,31.0036,31.448,31.448,806182.42414872
2007-05-14,31.4666,31.5118,31.1381,31.1793,31.1793,741938.13581654
2007-05-15,31.2137,31.4785,30.9183,30.94,30.94,1109606.5993787
2007-05-16,31.093,31.3274,31.0802,31.3274,31.3274,614819.75598341
2007-05-17,31.2921,31.4432,31.1733,31.3225,31.3225,1003249.1483191
2007-05-18,31.3804,31.4608,31.1655,31.3332,31.3332,654645.17935857
2007-05-21,31.1793,31.3666,31.0193,31.1655,31.1655,846460.50183419
2007-05-22,31.1655,31.2137,31.0116,31.0802,31.0802,982818.53485308
2007-05-23,31.2008,31.2137,30.9959,31.1184,31.1184,1049185.4048838
2007-05-24,31.1449,31.1449,30.6447,30.6968,30.6968,969530.48016664
2007-05-25,30.8516,30.8712,30.5642,30.7035,30.7035,502925.44555591
2007-05-29,30.7035,30.9713,30.6525,30.7085,30.7085,1024721.6822922
2007-05-30,30.7035,30.8516,30.5554,30.8036,30.8036,1367993.7097146
2007-05-31,30.6839,30.7791,30.32,30.422,30.422,1746561.5589336
2007-06-01,30.5505,30.7242,30.4837,30.6721,30.6721,803640.83136574
2007-06-04,30.4967,30.7584,30.478,30.7359,30.7359,688705.37722721
2007-06-05,30.5642,30.6378,30.32,30.478,30.478,935269.44243508
2007-06-06,30.4122,30.4967,30.32,30.3612,30.3612,837559.31988948
2007-06-07,30.217,30.3317,29.6177,29.6814,29.6814,1089278.9545733
2007-06-08,29.604,30.0551,29.604,30.0414,30.0414,969237.88605163
2007-06-11,30.0414,30.2906,29.8031,30.1523,30.1523,529036.66671822
2007-06-12,29.8178,30.3093,29.755,30.0955,30.0955,1308273.9255023
2007-06-13,30.1464,30.3269,29.9218,30.3269,30.3269,1272127.847636
2007-06-14,30.217,30.5692,30.217,30.2789,30.2789,624112.42273706
2007-06-15,30.469,30.5241,30.2278,30.2699,30.2699,862582.74341864
2007-06-18,30.2092,30.3847,30.2092,30.2239,30.2239,550543.86340884
2007-06-19,30.2789,30.3474,30.166,30.3317,30.3317,858027.65454807
2007-06-20,30.422,30.469,29.8482,29.855,29.855,716501.81815295
2007-06-21,29.7924,29.8482,29.5117,29.6491,29.6491,1133403.5744049
2007-06-22,29.5785,29.5785,29.1361,29.1793,29.1793,1920481.7437761
2007-06-25,29.1861,29.4588,28.9429,29.0253,29.0253,1120563.0765703
2007-06-26,29.2685,29.3969,29.0507,29.2087,29.2087,1257101.5596183
2007-06-27,28.9242,29.498,28.9242,29.4519,29.4519,1382041.28571
2007-06-28,29.4519,29.604,29.2018,29.3528,29.3528,838252.57423863
2007-06-29,29.3608,29.4627,28.9095,29.0674,29.0674,1141898.998657
2007-07-02,29.2018,29.5333,29.2018,29.498,29.498,677990.51956611
2007-07-03,29.6579,29.7786,29.4039,29.4186,29.4186,522057.22660901
2007-07-05,29.3765,29.5923,29.2764,29.3902,29.3902,883887.06126296
2007-07-06,29.2626,29.7276,29.2626,29.604,29.604,821177.1079241
2007-07-09,29.5853,29.7924,29.5853,29.6814,29.6814,898354.66783467
2007-07-10,29.4588,29.6255,28.7006,28.7467,28.7467,1246793.4791414
2007-07-11,28.7467,28.9693,28.6486,28.9291,28.9291,709815.99165044
2007-07-12,28.9429,29.3048,28.8604,29.3048,29.3048,736357.43830589
2007-07-13,29.3528,29.3765,29.1587,29.2685,29.2685,642660.03505182
2007-07-16,29.3842,29.6814,29.3608,29.4116,29.4116,905163.85283165
2007-07-17,29.5333,29.6991,29.2626,29.2685,29.2685,688489.24498894
2007-07-18,29.2302,29.3107,28.6084,28.88,28.88,1128064.4964248
2007-07-19,28.9027,29.0174,28.6682,28.7829,28.7829,782159.12196738
2007-07-20,28.7702,28.7702,27.9776,28.118,28.118,1430316.2562113
2007-07-23,28.2111,28.4995,28.1327,28.1523,28.1523,619297.36348556
2007-07-24,27.9188,28.0257,27.0919,27.2165,27.2165,1223058.6931084
2007-07-25,27.3606,28.1523,27.3273,28.1405,28.1405,1834805.7011384
2007-07-26,27.9149,28.1699,27.2734,27.5431,27.5431,1707894.2781184
2007-07-27,27.6637,27.6637,26.8604,26.8664,26.8664,1037889.4369593
2007-07-30,26.9654,26.9723,26.3768,26.8713,26.8713,1280859.7939602
2007-07-31,26.9801,27.1812,26.2415,26.2542,26.2542,1198643.9061181
2007-08-01,26.1473,26.8713,25.7883,26.8212,26.8212,1799239.7140436
2007-08-02,26.7603,27.3763,26.6653,26.9046,26.9046,1185913.513386
2007-08-03,26.8124,27.2165,25.6383,25.6383,25.6383,1419868.505373
2007-08-06,25.6549,26.6967,25.452,26.6967,26.6967,1198331.941661
2007-08-07,26.061,27.0655,25.9149,26.6653,26.6653,1481988.1730233
2007-08-08,26.6653,27.5764,26.4112,26.8713,26.8713,1616044.1938063
2007-08-09,27.7432,27.7432,24.6201,24.7221,24.7221,2953530.6341917
2007-08-10,25.1203,27.39,24.115,27.1655,27.1655,2835693.7067037
2007-08-13,27.3686,28.0257,26.4229,27.8079,27.8079,1891953.307817
2007-08-14,27.7374,27.9306,26.5093,26.5093,26.5093,1528631.9568207
2007-08-15,26.3357,27.3469,26.3357,26.6045,26.6045,1220988.1054861
2007-08-16,26.3102,27.7727,26.3102,27.649,27.649,1549604.9398657
2007-08-17,28.1896,29.2244,27.8571,28.5761,28.5761,1422564.0414011
2007-08-20,28.5672,28.7967,27.9571,28.263,28.263,872808.24506856
2007-08-21,28.0915,28.5534,27.8217,28.373,28.373,1075151.8582261
2007-08-22,28.4691,29.0301,28.3798,28.8663,28.8663,1020415.3493941
2007-08-23,29.1233,29.1233,28.5319,28.6751,28.6751,827528.54115233
2007-08-24,28.727,28.8429,28.5192,28.8036,28.8036,1023285.2185012
2007-08-27,28.8536,28.8536,28.5192,28.5446,28.5446,644500.21755214
2007-08-28,28.3004,28.3514,27.8217,27.8433,27.8433,1141402.5062039
2007-08-29,28.0983,28.5122,27.7922,28.5122,28.5122,890099.84362135
2007-08-30,28.1464,28.3857,27.7727,28.0915,28.0915,618308.45654633
2007-08-31,28.3455,28.6486,28.118,28.2249,28.2249,884462.05457607
2007-09-04,28.272,28.7388,28.0179,28.5761,28.5761,684786.45117114
2007-09-05,28.2787,28.4691,27.9826,28.3563,28.3563,1175301.6243856
2007-09-06,28.3455,28.6398,28.118,28.6339,28.6339,944592.69393942
2007-09-07,28.1974,28.4612,28.112,28.3641,28.3641,1202529.1889483
2007-09-10,28.4798,28.7084,27.9629,28.1572,28.1572,1070604.925289
2007-09-11,28.3328,29.1077,28.0395,29.0096,29.0096,1177482.3171104
2007-09-12,28.988,28.988,28.4544,28.6398,28.6398,842441.66559253
2007-09-13,28.7762,29.0625,28.628,28.9763,28.9763,632004.30790876
2007-09-14,28.8536,28.9369,28.5446,28.8036,28.8036,608397.97782858
2007-09-17,28.7762,28.7899,28.4151,28.5446,28.5446,617826.23697699
2007-09-18,28.5908,29.9982,28.4691,29.9982,29.9982,1311540.3768768
2007-09-19,29.7786,29.9718,29.5599,29.7334,29.7334,993543.58743108
2007-09-20,29.7128,29.7668,29.089,29.1654,29.1654,717074.77248268
2007-09-21,29.5539,29.5539,28.9958,29.0037,29.0037,1061416.2466877
2007-09-24,28.988,29.1155,28.4995,28.5055,28.5055,673979.83925796
2007-09-25,28.3072,28.727,28.2483,28.6751,28.6751,579003.99342473
2007-09-26,28.7702,29.1714,28.5122,28.727,28.727,677470.57880425
2007-09-27,28.9291,29.1654,28.7702,29.037,29.037,517733.56235205
2007-09-28,28.9556,29.2626,28.88,29.0096,29.0096,833696.46587637
2007-10-01,29.089,29.7334,28.9369,29.7334,29.7334,928691.68205169
2007-10-02,29.8031,30.0955,29.7197,30.0356,30.0356,686512.45060219
2007-10-03,29.9649,29.9649,29.4441,29.5049,29.5049,663825.70202633
2007-10-04,29.6294,29.755,29.2626,29.4186,29.4186,428940.9336182
2007-10-05,29.6452,30.0414,29.5412,29.7393,29.7393,781112.10400182
2007-10-08,29.604,29.755,29.5539,29.6943,29.6943,431526.36454384
2007-10-09,29.76,29.9277,29.4833,29.8178,29.8178,534150.43703488
2007-10-10,29.8178,30.0062,29.6658,29.855,29.855,722879.75816512
2007-10-11,29.9806,30.166,29.8031,29.8992,29.8992,1098331.021288
2007-10-12,30.0414,30.0551,29.6579,29.9649,29.9649,722033.58006248
2007-10-15,29.9355,30.1219,29.5176,29.6746,29.6746,963204.53423066
2007-10-16,29.707,29.8031,29.1861,29.2626,29.2626,681790.16509446
2007-10-17,29.5599,29.7334,28.731,29.0174,29.0174,941294.63832253
2007-10-18,28.8604,29.037,28.524,28.6946,28.6946,781797.20241746
2007-10-19,28.6084,28.8036,27.656,27.656,27.656,1288512.0985848
2007-10-22,27.6941,28.5055,27.649,28.3376,28.3376,1013560.287271
2007-10-23,28.4004,28.4407,27.9022,28.263,28.263,563842.1130122
2007-10-24,27.804,27.9423,26.5446,26.7114,26.7114,8198653.2796668
2007-10-25,26.0433,26.5338,25.1449,26.3848,26.3848,3814610.6468594
2007-10-26,26.3848,26.5181,25.7265,26.4652,26.4652,1797305.7383079
2007-10-29,26.6603,26.7114,26.3042,26.624,26.624,1095710.927645
2007-10-30,26.4719,26.8713,26.4171,26.6712,26.6712,977471.30093945
2007-10-31,26.935,27.0065,26.3435,26.6466,26.6466,1590816.8719393
2007-11-01,26.3042,26.5446,25.7883,26.2042,26.2042,1744617.3882809
2007-11-02,26.1091,26.2415,25.452,25.9884,25.9884,2313447.8741321
2007-11-05,25.6137,26.2915,25.5598,25.962,25.962,1263480.5191221
2007-11-06,25.957,26.3995,25.5785,26.3298,26.3298,1168271.2096919
2007-11-07,26.0375,26.2278,25.6049,25.7011,25.7011,1644203.5737737
2007-11-08,25.7206,26.624,25.6177,26.4789,26.4789,1918323.4798686
2007-11-09,25.9884,27.4087,25.9757,26.8928,26.8928,1435026.3078188
2007-11-12,26.8046,27.7972,26.7398,27.1949,27.1949,1235289.5349123
2007-11-13,27.3606,28.0866,27.2009,28.0796,28.0796,966480.16103038
2007-11-14,27.9149,28.2483,27.6236,27.7727,27.7727,1031452.3664292
2007-11-15,27.7089,28.0395,27.2812,27.4274,27.4274,1273157.5342429
2007-11-16,27.7178,27.7579,26.677,27.1076,27.1076,1804024.1885444
2007-11-19,26.8467,27.2086,26.5093,26.9272,26.9272,1550051.477226
2007-11-20,26.885,27.4617,26.677,27.3763,27.3763,1410953.0505446
2007-11-21,27.1742,27.4274,26.6712,26.8997,26.8997,1250087.4567916
2007-11-23,27.0203,27.3342,26.8526,27.2009,27.2009,583427.56786731
2007-11-26,27.0272,27.1949,26.057,26.057,26.057,2953546.9460587
2007-11-27,25.9983,26.6466,25.8619,26.525,26.525,1867683.2886467
2007-11-28,26.9125,27.242,26.7466,26.9467,26.9467,2300330.0745578
2007-11-29,26.7398,27.0861,26.3768,26.7603,26.7603,1983797.2751788
2007-11-30,27.0272,27.5647,26.6603,26.778,26.778,1492997.6637828
2007-12-03,26.6182,26.9801,26.2915,26.6045,26.6045,1274262.6632348
2007-12-04,26.4956,26.7977,26.1091,26.1552,26.1552,1945574.4927401
2007-12-05,26.4505,26.5446,26.061,26.4789,26.4789,1461063.1060876
2007-12-06,26.2415,26.9801,26.1199,26.8928,26.8928,1228076.6312062
2007-12-07,26.832,27.295,26.8124,26.9125,26.9125,1159364.9302887
2007-12-10,27.0203,27.6236,26.885,27.2009,27.2009,966907.32804845
2007-12-11,27.1872,27.3273,26.3357,26.4229,26.4229,1687418.8070179
2007-12-12,27.0732,27.3215,26.2111,26.6653,26.6653,1701961.8559746
2007-12-13,26.4043,26.7045,26.0699,26.6897,26.6897,1291147.4846033
2007-12-14,26.5387,26.7114,26.2278,26.3357,26.3357,1547905.4472187
2007-12-17,26.1915,26.3848,25.8345,25.8736,25.8736,1701591.7804911
2007-12-18,26.2847,26.4505,25.8679,26.3357,26.3357,1354672.0118024
2007-12-19,26.2278,26.4572,25.8863,26.2337,26.2337,1240182.0755323
2007-12-20,26.3229,26.4896,25.9149,26.1984,26.1984,1351943.8520402
2007-12-21,26.4298,26.6653,26.0964,26.6653,26.6653,2664808.5486221
2007-12-24,26.6712,27.1742,26.5593,27.1292,27.1292,460021.15727719
2007-12-26,26.9654,27.1605,26.7526,27.0419,27.0419,635900.80514764
2007-12-27,27.141,27.141,26.4572,26.4572,26.4572,802737.56172847
2007-12-28,26.6653,26.7398,26.4171,26.5181,26.5181,795291.19442528
2007-12-31,26.3435,26.7673,26.1915,26.4838,26.4838,1350327.9577115
2008-01-02,26.2975,26.3848,25.6049,25.6765,25.6765,1827005.5702188
2008-01-03,25.6932,25.8736,25.4637,25.4784,25.4784,1031982.502108
2008-01-04,25.3303,25.4872,25.0703,25.3146,25.3146,1348307.3251823
2008-01-07,25.3087,25.8345,25.1332,25.5177,25.5177,1286745.3194862
2008-01-08,25.5048,25.6892,24.5416,24.5466,24.5466,1312629.1940016
2008-01-09,24.5416,25.0262,24.3288,25.0193,25.0193,1484426.7971456
2008-01-10,24.7838,25.9512,24.728,25.5558,25.5558,1564135.7549223
2008-01-11,25.1203,25.7609,24.8241,25.2234,25.2234,1128259.2193375
2008-01-14,25.3577,25.4068,25.0115,25.3303,25.3303,688996.95185052
2008-01-15,24.9682,25.0429,24.5466,24.7417,24.7417,1065922.3999572
2008-01-16,24.6986,25.3724,24.5034,24.9301,24.9301,1213271.5728851
2008-01-17,24.9046,24.9046,23.9521,23.9884,23.9884,1246664.0036969
2008-01-18,24.0511,24.5857,23.0487,23.5078,23.5078,1855283.2112221
2008-01-22,22.5093,24.1394,22.5093,23.6324,23.6324,1892913.6689889
2008-01-23,22.7201,24.8849,22.4936,24.8682,24.8682,2006512.5695219
2008-01-24,24.7691,24.9438,24.3337,24.6908,24.6908,2300034.4219677
2008-01-25,24.9183,24.9183,23.7089,23.7717,23.7717,1235710.5849804
2008-01-28,23.7844,25.2234,23.5765,25.2234,25.2234,2074990.8068424
2008-01-29,25.3009,25.9433,25.192,25.7688,25.7688,1483488.8647909
2008-01-30,25.9286,26.7526,25.6137,25.6549,25.6549,1903635.6630919
2008-01-31,25.1998,26.2111,25.0341,25.8158,25.8158,2056211.7699141
2008-02-01,25.7688,26.162,25.4587,26.0129,26.0129,1309841.9037214
2008-02-04,25.9884,26.3042,25.6834,25.9512,25.9512,863209.73080794
2008-02-05,25.2586,26.0061,25.2302,25.3087,25.3087,1116690.0276403
2008-02-06,25.7883,25.9757,25.1773,25.3263,25.3263,1636170.9987488
2008-02-07,25.0488,25.8736,25.0488,25.4715,25.4715,1456580.4011271
2008-02-08,25.2459,25.5048,25.0046,25.3087,25.3087,1023601.260925
2008-02-11,25.2097,25.294,24.6064,25.1203,25.1203,1812325.9093755
2008-02-12,25.2586,25.5048,24.9104,25.192,25.192,1361639.2180113
2008-02-13,25.4872,25.5177,25.0645,25.3303,25.3303,1263650.7742343
2008-02-14,25.4068,25.5108,24.9046,25.0968,25.0968,1402187.4609947
2008-02-15,25.0645,25.5255,24.829,25.5255,25.5255,1486054.9253744
2008-02-19,25.7138,25.808,25.2175,25.4784,25.4784,1561759.3197931
2008-02-20,25.2175,25.8345,25.2175,25.7325,25.7325,1251767.5790966
2008-02-21,25.7442,25.9433,25.3794,25.4126,25.4126,934089.89054984
2008-02-22,25.4068,25.5411,24.8094,25.5411,25.5411,1669807.0880745
2008-02-25,25.452,25.962,25.1517,25.8863,25.8863,1186134.7430828
2008-02-26,25.7393,26.2415,25.7393,26.0767,26.0767,976181.64395169
2008-02-27,25.9884,26.5338,25.9355,26.3995,26.3995,1048109.8411508
2008-02-28,26.1091,26.1915,25.5558,25.5677,25.5677,1042773.8216458
2008-02-29,25.3656,25.4273,24.8241,24.8977,24.8977,2327952.1824046
2008-03-03,24.8172,24.9183,24.1826,24.7487,24.7487,1823775.8205451
2008-03-04,24.4426,24.9821,24.2631,24.8565,24.8565,1773147.8632235
2008-03-05,24.8682,25.2714,24.5229,24.8369,24.8369,1927000.3736414
2008-03-06,24.6368,24.829,24.3622,24.6143,24.6143,1863420.7938911
2008-03-07,24.3337,25.2047,24.3151,24.8634,24.8634,1850364.1638183
2008-03-10,24.8172,25.1449,24.5112,24.6014,24.6014,1387239.673837
2008-03-11,25.2047,25.9286,24.9977,25.9286,25.9286,1848510.727926
2008-03-12,25.8679,26.3848,25.5177,25.5177,25.5177,2037804.8474525
2008-03-13,25.0703,25.6137,24.7487,25.452,25.452,1701630.5211754
2008-03-14,25.5862,25.5862,24.4426,24.7957,24.7957,2855673.7048427
2008-03-17,24.2788,25.3989,24.2788,24.9977,24.9977,2485756.2426127
2008-03-18,25.1841,25.4961,24.7564,25.4961,25.4961,2582466.2438105
2008-03-19,25.7736,26.2111,25.343,25.343,25.343,2206823.3162497
2008-03-20,25.5785,26.6653,25.343,26.5966,26.5966,2163816.0593103
2008-03-24,26.4572,26.9537,26.061,26.1199,26.1199,1272902.6613204
2008-03-25,25.9512,26.3768,25.5558,25.9983,25.9983,1839467.8366364
2008-03-26,25.7609,26.0061,25.4715,25.5343,25.5343,1286793.2355956
2008-03-27,25.7206,25.7393,25.2459,25.2586,25.2586,1714322.1732232
2008-03-28,25.5177,25.8285,25.294,25.3087,25.3087,1436925.620837
2008-03-31,25.343,25.9002,25.1203,25.4784,25.4784,2545710.5099137
2008-04-01,25.1115,26.6113,25.1115,26.6045,26.6045,2089949.8084087
2008-04-02,26.6182,26.7977,26.2111,26.7703,26.7703,1677604.160519
2008-04-03,26.4112,26.6113,26.2847,26.5338,26.5338,1409736.7969585
2008-04-04,26.4298,26.4298,25.9512,25.9943,25.9943,1241435.0308192
2008-04-07,26.0894,26.2768,25.8158,26.2542,26.2542,1236788.1876966
2008-04-08,26.0129,26.2248,25.7393,25.8736,25.8736,1527756.2134591
2008-04-09,25.7736,26.5093,25.2646,25.3009,25.3009,1968473.2955875
2008-04-10,25.5862,25.5862,25.0341,25.3087,25.3087,1787864.2257676
2008-04-11,25.1203,25.4068,24.9682,25.0772,25.0772,1496897.2194968
2008-04-14,24.829,25.1282,24.1542,24.2317,24.2317,2367011.9675206
2008-04-15,24.3542,24.829,24.3337,24.8094,24.8094,1376826.5857161
2008-04-16,25.0556,25.2097,24.7369,25.1773,25.1773,1641305.1588993
2008-04-17,25.0193,25.2528,24.8025,25.1115,25.1115,1719628.6274693
2008-04-18,25.6177,25.7942,25.2175,25.343,25.343,1435760.3418355
2008-04-21,25.1646,25.2459,24.7838,25.0429,25.0429,1003646.7500782
2008-04-22,24.829,24.9046,24.5034,24.6014,24.6014,1054367.4811436
2008-04-23,24.8241,25.038,24.5348,25.0262,25.0262,1473397.936044
2008-04-24,25.0645,25.6932,24.9752,25.6246,25.6246,1346743.4249299
2008-04-25,25.7011,25.7393,24.9821,25.3146,25.3146,1446640.3571503
2008-04-28,25.1773,25.4715,25.0046,25.4215,25.4215,1021104.5257764
2008-04-29,25.2586,25.5735,25.0429,25.138,25.138,1259895.9863404
2008-04-30,24.1277,24.8172,24.0444,24.0444,24.0444,2247954.7084797
2008-05-01,23.8824,24.4897,23.7089,24.367,24.367,2263323.5457052
2008-05-02,24.5034,25.138,24.4543,24.6143,24.6143,1467959.96737
2008-05-05,24.6505,24.7093,24.2121,24.3542,24.3542,1962044.3809909
2008-05-06,24.1826,24.5229,23.958,24.3425,24.3425,1523689.4611079
2008-05-07,24.2631,24.3955,23.9727,23.9727,23.9727,693037.19741769
2008-05-08,23.6961,23.9473,23.241,23.4655,23.4655,2385641.1391705
2008-05-09,23.2341,23.7089,23.1949,23.4655,23.4655,1473814.9081452
2008-05-12,23.5441,23.8777,23.5441,23.8226,23.8226,1514134.78499
2008-05-13,23.9806,23.9806,23.6646,23.7638,23.7638,1662635.9835275
2008-05-14,23.8463,24.2739,23.7638,24.1394,24.1394,1080886.4989818
2008-05-15,24.0658,24.2739,23.8638,24.1944,24.1944,974307.81822561
2008-05-16,24.1209,24.2455,23.6128,23.7844,23.7844,1070155.3294537
2008-05-19,23.6775,24.0915,23.5843,23.8777,23.8777,1167560.623984
2008-05-20,23.7717,23.9178,23.7717,23.7922,23.7922,1034734.110179
2008-05-21,23.7844,24.0511,23.6519,23.6706,23.6706,1625193.1122317
2008-05-22,23.6392,24.008,23.6186,23.9266,23.9266,1067499.5536016
2008-05-23,23.8256,23.958,23.4774,23.4774,23.4774,1165237.2024227
2008-05-27,23.5706,23.8894,23.5294,23.7844,23.7844,1122405.298054
2008-05-28,23.702,23.9953,23.3067,23.4774,23.4774,889017.14344666
2008-05-29,23.496,23.9806,23.4774,23.8962,23.8962,803402.27031031
2008-05-30,24.0198,24.0835,23.3832,23.4598,23.4598,1437348.7098883
2008-06-02,23.3067,23.5166,23.1134,23.2724,23.2724,1255407.1644297
2008-06-03,23.3488,23.4097,22.8074,23.0232,23.0232,1341759.1300577
2008-06-04,23.084,23.2793,22.9586,23.0693,23.0693,1646150.8029015
2008-06-05,23.2135,23.4882,23.0409,23.4774,23.4774,1225022.2341031
2008-06-06,23.2645,23.4371,22.3052,22.3052,22.3052,2084285.5125794
2008-06-09,22.5387,22.7869,22.1041,22.2994,22.2994,1687205.7332547
2008-06-10,22.1178,22.5524,22.1178,22.3121,22.3121,1443623.6812399
2008-06-11,22.1905,22.4936,21.4754,21.4754,21.4754,1902969.9350184
2008-06-12,21.494,22.0109,21.393,21.6127,21.6127,1611900.9795785
2008-06-13,21.5813,22.0061,20.8712,21.1645,21.1645,2821936.6858398
2008-06-16,20.9996,21.3008,20.8369,21.0987,21.0987,1853267.6761511
2008-06-17,21.04,21.2577,19.9118,19.9393,19.9393,3808196.0051464
2008-06-18,19.545,19.545,18.4258,18.8967,18.8967,6261848.4544434
2008-06-19,18.673,19.2085,18.4347,19.1596,19.1596,4588176.4733724
2008-06-20,18.9153,19.545,18.5112,19.29,19.29,5849413.091285
2008-06-23,19.2704,19.4106,17.9039,17.9677,17.9677,4666295.0241128
2008-06-24,18.0394,18.2797,17.8099,17.9619,17.9619,2957212.018684
2008-06-25,18.1728,18.5259,17.954,18.0619,18.0619,3256791.6907513
2008-06-26,17.8922,18.0913,17.6764,17.6891,17.6891,2651265.6210133
2008-06-27,17.7628,17.9453,17.4136,17.4725,17.4725,5267843.0372768
2008-06-30,17.3823,17.5323,16.9898,17.0135,17.0135,3659450.1286033
2008-07-01,16.5985,17.1655,16.4239,16.877,16.877,6024334.416967
2008-07-02,17.0065,17.388,16.8908,16.9065,16.9065,3284443.363857
2008-07-03,17.0938,17.3537,16.7652,16.7996,16.7996,2071860.9673543
2008-07-07,16.9398,17.0526,16.2581,16.3072,16.3072,3613489.4042382
2008-07-08,16.4346,17.0065,16.264,16.9801,16.9801,3703525.8128337
2008-07-09,17.0869,17.1066,16.0031,16.055,16.055,3295336.6325639
2008-07-10,16.1954,16.264,15.7627,15.8893,15.8893,3558140.1809005
2008-07-11,15.8049,16.1375,15.3665,15.6009,15.6009,3678837.8020706
2008-07-14,15.8491,16.0472,14.9849,14.9899,14.9899,3247713.1172524
2008-07-15,14.9045,15.2635,14.5288,14.623,14.623,4207905.0535395
2008-07-16,14.5887,15.4312,14.4807,15.4312,15.4312,4275155.8228651
2008-07-17,16.1101,16.5043,15.5892,16.417,16.417,6302010.3100762
2008-07-18,16.4798,16.8849,15.9413,16.7857,16.7857,4318240.5611731
2008-07-21,16.7231,17.2577,16.6113,16.9398,16.9398,4856740.1497571
2008-07-22,16.9898,18.0453,16.5425,18.0394,18.0394,4299197.475897
2008-07-23,18.2994,18.6416,17.8922,18.5112,18.5112,4291909.1298057
2008-07-24,18.4857,18.6603,18.0836,18.0983,18.0983,4252444.6064888
2008-07-25,18.118,18.3592,17.7628,17.9756,17.9756,2808998.316803
2008-07-28,17.8628,18.0619,17.4214,17.4725,17.4725,2354857.5875932
2008-07-29,17.5157,18.519,17.5157,18.519,18.519,2825432.5228445
2008-07-30,18.5456,18.5887,18.105,18.4533,18.4533,2068761.7126169
2008-07-31,18.2444,18.9211,18.1993,18.6476,18.6476,2929109.7302513
2008-08-01,18.9094,18.9643,18.3061,18.6348,18.6348,2131924.3202661
2008-08-04,18.9035,18.9261,18.2994,18.6348,18.6348,2416178.9932505
2008-08-05,18.6858,19.339,18.6416,19.339,19.339,1964970.322141
2008-08-06,19.4048,19.5186,19.0221,19.2175,19.2175,2241716.438829
2008-08-07,19.2175,19.29,18.265,18.318,18.318,3105003.6510055
2008-08-08,18.2944,18.9565,18.2944,18.9035,18.9035,2090962.1636566
2008-08-11,18.8888,19.445,18.5062,19.0693,19.0693,1733003.3389495
2008-08-12,18.9153,19.0869,18.4925,18.6015,18.6015,1860577.431568
2008-08-13,18.4749,18.7849,18.0453,18.3944,18.3944,1870352.3178909
2008-08-14,18.3228,18.982,18.1502,18.9261,18.9261,1904897.793804
2008-08-15,18.9937,19.5244,18.7761,19.2175,19.2175,1884755.6964862
2008-08-18,19.1654,19.4518,18.5533,18.5887,18.5887,1605670.8658614
2008-08-19,18.5259,18.7153,18.112,18.3944,18.3944,1812716.3746928
2008-08-20,18.3944,18.673,18.0796,18.4857,18.4857,1416492.9683876
2008-08-21,18.2994,18.5112,18.1571,18.3298,18.3298,1212079.7870997
2008-08-22,18.5808,18.8888,18.265,18.8888,18.8888,1297363.3254368
2008-08-25,18.7005,18.7898,18.5062,18.5112,18.5112,1139039.3244667
2008-08-26,18.5259,18.9643,18.4189,18.9035,18.9035,1286445.5889294
2008-08-27,18.8487,19.3695,18.6348,19.3449,19.3449,1778777.4963353
2008-08-28,19.55,19.7912,19.3449,19.7658,19.7658,2959345.814791
2008-08-29,19.6264,20.0403,19.6068,19.853,19.853,1590646.616827
2008-09-02,20.0953,20.3552,19.8864,20.2474,20.2474,2118220.3129702
2008-09-03,20.2081,20.6799,20.008,20.6662,20.6662,1710737.6404415
2008-09-04,20.6201,20.7496,20.0815,20.0815,20.0815,2912819.272538
2008-09-05,19.8991,20.4769,19.8736,20.47,20.47,2815613.7983789
2008-09-08,21.1331,21.393,20.6985,21.3352,21.3352,3266832.6644054
2008-09-09,21.3087,21.3204,20.0002,20.0002,20.0002,4078591.708098
2008-09-10,20.164,20.1699,19.6706,19.7324,19.7324,3049417.9055958
2008-09-11,19.5627,19.8804,19.0084,19.8804,19.8804,3158786.9351072
2008-09-12,19.6912,20.0757,19.5186,19.8207,19.8207,1888182.208056
2008-09-15,19.0369,20.2219,18.3797,19.0948,19.0948,2653031.3806201
2008-09-16,18.318,19.6785,18.0796,19.6785,19.6785,3538225.4302296
2008-09-17,19.0772,19.391,18.0187,18.0187,18.0187,3535565.5764106
2008-09-18,18.2444,20.4092,17.7118,20.3671,20.3671,4234230.3679566
2008-09-19,23.3361,23.3361,9.16123,22.5093,22.5093,2789506.6551834
2008-09-22,21.4422,22.4043,20.2219,20.2219,20.2219,1220004.2960053
2008-09-23,23.241,23.4461,19.6843,19.6843,19.6843,1234250.6728804
2008-09-24,19.4176,20.215,19.3695,19.6471,19.6471,1156061.7772134
2008-09-25,19.8933,20.932,19.4243,20.8653,20.8653,1376849.0145332
2008-09-26,20.3494,22.6868,20.3287,21.7952,21.7952,1038633.665893
2008-09-29,21.5333,22.4043,17.4214,17.4214,17.4214,1752773.3218003
2008-09-30,19.0438,20.0335,17.0801,19.0488,19.0488,1806297.655013
2008-10-01,18.2375,19.9609,18.0394,19.8648,19.8648,1272548.897704
2008-10-02,19.5244,19.7991,17.7843,17.7843,17.7843,1498805.7079403
2008-10-03,17.951,20.4298,17.0291,17.0409,17.0409,1326721.6276315
2008-10-06,16.7446,17.5323,15.6136,16.3306,16.3306,1561661.4485908
2008-10-07,16.0237,16.516,15.0692,15.1046,15.1046,1605801.3607977
2008-10-08,15.0977,16.7446,14.4867,14.9369,14.9369,1345102.0433091
2008-10-09,15.4381,15.4381,12.5935,12.5935,12.5935,2977052.3464616
2008-10-10,12.3914,14.0619,11.4263,12.9555,12.9555,2714391.5269616
2008-10-13,13.4832,15.3606,13.4832,15.3184,15.3184,2035630.2716779
2008-10-14,15.4077,16.2708,14.8231,16.1954,16.1954,3051587.3839119
2008-10-15,15.9815,16.0688,14.7377,14.8231,14.8231,1928297.167071
2008-10-16,15.0977,15.1566,13.7392,14.9976,14.9976,2309797.0743903
2008-10-17,14.5435,16.2885,12.7996,14.9849,14.9849,1595122.1853457
2008-10-20,15.0183,15.2997,14.52,15.2331,15.2331,1795214.7608519
2008-10-21,15.2047,15.905,14.7446,15.5078,15.5078,1314770.1265505
2008-10-22,15.132,15.292,14.3796,14.6681,14.6681,1384044.5868808
2008-10-23,14.9555,15.3448,14.3621,15.2508,15.2508,2123692.9443618
2008-10-24,13.6823,15.5382,13.6823,14.8908,14.8908,1522395.7261534
2008-10-27,14.6945,14.9045,13.7471,14.4013,14.4013,1956775.6479374
2008-10-28,14.5494,16.2788,14.0315,16.1443,16.1443,2162826.1328794
2008-10-29,16.3778,17.0135,15.3047,16.0972,16.0972,1721141.5531372
2008-10-30,16.6161,16.7652,15.9207,16.4503,16.4503,966374.13389463
2008-10-31,16.5102,17.4361,15.6009,17.4097,17.4097,1891263.111943
2008-11-03,17.2939,17.6824,16.9261,17.6,17.6,1403139.666233
2008-11-04,18.2875,18.9643,17.9619,18.3886,18.3886,1691748.588225
2008-11-05,18.2208,18.7956,17.6265,17.7432,17.7432,1569978.4617972
2008-11-06,17.4872,17.8992,16.4503,16.523,16.523,1248257.4692082
2008-11-07,16.6053,17.2458,16.5866,17.1822,17.1822,1144526.2287418
2008-11-10,17.388,17.5715,15.9893,16.2081,16.2081,1472854.5469733
2008-11-11,15.8833,16.4503,15.5312,16.1502,16.1502,973713.45457039
2008-11-12,15.7293,16.1542,15.5008,15.5126,15.5126,1179309.2462187
2008-11-13,15.6872,17.8922,15.4803,17.8922,17.8922,2310751.3186122
2008-11-14,17.5077,18.3719,17.2458,17.5715,17.5715,1443033.3955513
2008-11-17,17.3017,17.8049,16.9134,16.9721,16.9721,1715184.663193
2008-11-18,16.7583,17.7058,16.7171,17.6579,17.6579,2749708.7580839
2008-11-19,17.4793,17.8775,16.673,16.9329,16.9329,4811506.322967
2008-11-20,16.6661,17.495,15.7775,15.8756,15.8756,4995235.0373581
2008-11-21,16.2826,16.7583,14.8908,16.417,16.417,3012842.6217281
2008-11-24,16.7231,18.6858,16.4102,18.5661,18.5661,2399864.0677366
2008-11-25,18.6858,18.6858,17.7755,18.4857,18.4857,1913158.7349674
2008-11-26,17.9619,19.0438,17.3606,18.9211,18.9211,1716756.7193788
2008-11-28,18.8888,19.6196,18.7466,19.5863,19.5863,1075723.7930641
2008-12-01,18.7466,19.4243,16.7446,16.8849,16.8849,1731539.3488827
2008-12-02,17.388,18.5347,16.8849,18.5259,18.5259,2115217.9099433
2008-12-03,17.7843,18.9565,17.6342,18.9408,18.9408,2523613.0275345
2008-12-04,18.112,19.1948,17.7962,18.0836,18.0836,1795579.7388769
2008-12-05,17.8628,19.4293,17.7352,19.391,19.391,1714937.946204
2008-12-08,19.4243,20.0208,19.1075,19.7697,19.7697,1415655.9657101
2008-12-09,19.4048,20.0885,19.29,19.4724,19.4724,1965279.228123
2008-12-10,19.7324,20.0953,19.3567,19.8354,19.8354,1247805.8343896
2008-12-11,19.4048,20.6259,19.1596,19.2704,19.2704,2098245.4122895
2008-12-12,18.8074,20.3367,18.8074,20.2267,20.2267,1763693.0972912
2008-12-15,20.2267,20.7436,19.3518,19.7226,19.7226,1966914.4927937
2008-12-16,20.3091,21.3352,20.1346,21.2381,21.2381,2810915.9806718
2008-12-17,20.6426,20.8456,19.8599,20.0885,20.0885,2648280.5493451
2008-12-18,19.853,20.5308,19.6334,19.753,19.753,2207794.8918302
2008-12-19,20.0335,20.6799,19.8599,20.1885,20.1885,3116521.8681181
2008-12-22,20.3287,20.3287,19.2292,19.3979,19.3979,1550689.6790238
2008-12-23,19.6638,19.8148,18.9643,19.0369,19.0369,1244053.0854789
2008-12-24,19.0144,19.3832,18.9094,19.1311,19.1311,411965.3774893
2008-12-26,19.3165,19.7137,18.7534,19.2645,19.2645,550218.64555975
2008-12-29,19.2576,19.4724,18.7898,19.1311,19.1311,794948.64521747
2008-12-30,19.3116,19.4243,18.8544,19.3832,19.3832,1650760.9443233
2008-12-31,18.8967,19.6137,18.7701,19.4724,19.4724,1582783.2774227
2009-01-02,19.4989,19.7392,18.882,19.4048,19.4048,1653514.5913778
2009-01-05,19.2518,19.3165,18.7623,19.2292,19.2292,3229809.8236857
2009-01-06,19.4832,19.8069,19.1507,19.3695,19.3695,2452331.1880668
2009-01-07,19.0488,19.55,18.8967,19.0084,19.0084,2584512.3636321
2009-01-08,19.0438,19.6068,18.882,19.4832,19.4832,1886512.2806679
2009-01-09,19.6843,19.8648,18.7623,18.8074,18.8074,1911918.0135807
2009-01-12,18.8544,19.0772,17.954,18.0394,18.0394,2348478.6280894
2009-01-13,17.851,18.4189,17.8226,18.2601,18.2601,2369792.121359
2009-01-14,17.8285,17.954,17.1262,17.1262,17.1262,2188149.2869654
2009-01-15,17.233,17.4498,16.5102,17.0477,17.0477,2863654.2857915
2009-01-16,17.4626,17.4725,16.7446,17.1262,17.1262,2309482.0514583
2009-01-20,16.9134,17.3606,16.0168,16.0325,16.0325,3110235.6823581
2009-01-21,16.3503,16.78,15.8833,16.7093,16.7093,3174759.3114134
2009-01-22,16.2395,16.2708,15.4951,15.6519,15.6519,2900076.6459057
2009-01-23,15.4125,15.9207,15.0692,15.8049,15.8049,2716307.1518469
2009-01-26,15.901,16.1101,15.2997,15.6323,15.6323,2422853.6053444
2009-01-27,15.7627,15.9756,15.1967,15.799,15.799,2569234.261167
2009-01-28,16.4346,16.523,15.799,16.3072,16.3072,3384032.4095872
2009-01-29,16.062,16.2542,15.2331,15.2389,15.2389,1902116.6204739
2009-01-30,15.3792,15.7069,14.4484,14.6887,14.6887,3047618.502763
2009-02-02,15.1507,15.1634,14.2473,14.574,14.574,2290222.8339438
2009-02-03,14.723,14.8613,14.4729,14.7289,14.7289,1831229.3242901
2009-02-04,14.7289,15.0379,14.6151,14.7505,14.7505,2314204.336966
2009-02-05,14.4013,14.5944,14.0178,14.3062,14.3062,3096294.1334984
2009-02-06,14.3532,15.0183,14.0737,14.9976,14.9976,3274878.4928222
2009-02-09,15.0183,15.284,14.6887,14.978,14.978,1928059.6255073
2009-02-10,14.8908,15.4077,14.7162,14.7574,14.7574,5408967.1939461
2009-02-11,14.9369,15.6264,14.8496,15.5735,15.5735,2949479.1742159
2009-02-12,15.2389,15.7726,14.9476,15.6735,15.6735,2834370.4064901
2009-02-13,15.6264,15.9344,15.2047,15.2047,15.2047,1950223.3748462
2009-02-17,14.4434,14.7446,14.2248,14.2248,14.2248,2515760.9025388
2009-02-18,14.4013,14.8162,14.2953,14.5573,14.5573,3023905.1260554
2009-02-19,14.7014,14.9899,14.1119,14.1119,14.1119,2364122.7280714
2009-02-20,14.0805,14.4553,13.6893,14.2012,14.2012,3187019.7184763
2009-02-23,14.3532,14.6945,13.598,13.6019,13.6019,2597946.2056302
2009-02-24,13.6773,14.3739,13.4832,14.3739,14.3739,2949582.1428767
2009-02-25,14.1237,14.2953,13.3979,13.8461,13.8461,2392872.3937271
2009-02-26,14.0805,14.2542,13.598,13.7706,13.7706,2142044.814272
2009-02-27,13.39,14.0551,13.3822,13.7598,13.7598,3333107.7801839
2009-03-02,13.5303,14.0865,13.4909,13.5234,13.5234,2454450.7112902
2009-03-03,13.7471,14.1061,12.9064,13.0937,13.0937,3453994.0073165
2009-03-04,13.2547,13.6636,12.7602,13.3822,13.3822,2072082.1970511
2009-03-05,13.0222,13.2302,12.2522,12.3974,12.3974,3114705.1339267
2009-03-06,12.3867,12.7269,12.0383,12.4356,12.4356,2952989.2841044
2009-03-09,12.2522,12.6062,11.9501,12.1276,12.1276,1879992.6313108
2009-03-10,12.367,12.9202,12.0383,12.9202,12.9202,3357572.5222669
2009-03-11,13.0428,13.1821,12.5651,13.0623,13.0623,2941086.7186245
2009-03-12,12.981,13.7755,12.7602,13.7755,13.7755,3414670.1738528
2009-03-13,13.8108,14.1306,13.3979,14.1237,14.1237,2699600.7415241
2009-03-16,14.26,14.623,13.804,13.8717,13.8717,3219652.6279791
2009-03-17,13.9128,14.6083,13.7706,14.6014,14.6014,2264134.0415987
2009-03-18,14.2248,15.0104,13.853,14.9849,14.9849,3758474.3759372
2009-03-19,15.3047,15.3243,14.3003,14.314,14.314,2971843.7634178
2009-03-20,14.4082,14.5494,13.9981,14.0315,14.0315,3157015.0585502
2009-03-23,14.466,15.6657,14.2542,15.6058,15.6058,4170521.3127617
2009-03-24,15.2703,15.7146,14.8554,14.8613,14.8613,3741618.100336
2009-03-25,14.9899,15.4312,14.623,15.3606,15.3606,3580879.9430443
2009-03-26,15.3734,15.6058,15.0418,15.5803,15.5803,4490312.4075816
2009-03-27,15.3792,15.5245,15.1429,15.1967,15.1967,2847273.0933179
2009-03-30,14.8496,15.2448,14.6887,14.723,14.723,3709598.9248306
2009-03-31,14.8496,15.3518,14.7162,15.3184,15.3184,3531638.494421
2009-04-01,15.2635,15.9481,15.0692,15.8893,15.8893,3020611.1484052
2009-04-02,16.2925,16.523,15.9413,16.1797,16.1797,4020278.8224177
2009-04-03,15.9893,16.5102,15.7912,16.5102,16.5102,2817172.6011728
2009-04-06,16.2306,16.5425,16.0757,16.37,16.37,2652118.9355576
2009-04-07,16.0757,16.3424,15.901,15.9127,15.9127,2738673.7800321
2009-04-08,16.0404,16.3306,15.8756,16.1874,16.1874,1740760.651218
2009-04-09,16.623,17.3733,16.2081,17.3076,17.3076,3944523.4534146
2009-04-13,17.0135,17.9825,16.8525,17.8922,17.8922,2669631.7638071
2009-04-14,17.4293,17.6824,16.9192,16.9535,16.9535,2755303.7284781
2009-04-15,16.8318,17.8992,16.4719,17.8922,17.8922,2098062.923277
2009-04-16,18.0453,18.0453,17.3479,17.8628,17.8628,1976457.9545031
2009-04-17,17.8226,17.8226,16.9261,17.0349,17.0349,3371767.9245573
2009-04-20,16.4984,16.8054,16.0688,16.0688,16.0688,3230048.3847412
2009-04-21,16.0031,17.239,15.8569,17.239,17.239,3081013.9920499
2009-04-22,16.9721,17.2036,16.3424,16.4346,16.4346,2915989.8916936
2009-04-23,16.6113,16.7309,16.0805,16.673,16.673,2229265.3868199
2009-04-24,16.7093,16.7857,16.1502,16.4856,16.4856,3056681.7838864
2009-04-27,16.2169,16.6514,16.1031,16.2581,16.2581,1773692.2717859
2009-04-28,16.1228,16.5866,15.9893,16.2248,16.2248,1407654.9949276
2009-04-29,16.5926,17.1822,16.4278,17.1066,17.1066,2112841.4748142
2009-04-30,17.2655,17.2802,16.01,16.0404,16.0404,2429926.8386891
2009-05-01,16.0805,16.0805,15.3381,15.392,15.392,2041004.0123755
2009-05-04,15.5312,15.6382,14.7574,15.4381,15.4381,3894243.1427593
2009-05-05,15.2272,15.4499,14.8829,15.2124,15.2124,2466515.3759487
2009-05-06,15.4253,15.8833,15.183,15.7843,15.7843,3071279.8853945
2009-05-07,15.7363,16.055,15.3665,15.3998,15.3998,2400776.5127991
2009-05-08,15.5666,16.5926,15.5666,16.5572,16.5572,2866798.3981632
2009-05-11,16.1101,16.1874,15.2204,15.2389,15.2389,3108709.5032982
2009-05-12,15.5529,15.799,15.2448,15.3665,15.3665,3454588.3709716
2009-05-13,14.8829,15.4077,14.7377,14.7878,14.7878,2602011.9384896
2009-05-14,14.8112,15.3448,14.6632,15.2635,15.2635,1962866.0912929
2009-05-15,15.1967,15.2389,14.7741,14.7741,14.7741,1694007.7818098
2009-05-18,15.0555,15.5892,14.9045,15.5382,15.5382,2496258.0265105
2009-05-19,15.3998,15.5529,15.1124,15.1723,15.1723,1697827.8171719
2009-05-20,15.3998,15.7206,14.8908,14.9476,14.9476,1635241.2223276
2009-05-21,14.723,15.1242,14.6945,14.8496,14.8496,1654315.9118461
2009-05-22,14.8829,15.0849,14.7741,14.8231,14.8231,1401655.2863324
2009-05-26,14.7014,15.2124,14.6151,15.1507,15.1507,2151962.4294316
2009-05-27,15.2389,15.2389,14.5435,14.5573,14.5573,2300730.7347919
2009-05-28,14.8112,14.9103,14.5063,14.8554,14.8554,1958330.3727645
2009-05-29,14.8761,15.2204,14.5494,15.1429,15.1429,1889230.2455132
2009-06-01,15.3606,15.4253,14.8692,15.3381,15.3381,2386845.1588563
2009-06-02,15.2204,15.9756,15.0929,15.8569,15.8569,3046785.5780523
2009-06-03,15.8344,15.8344,15.5666,15.7146,15.7146,1444695.167006
2009-06-04,15.7422,16.1797,15.6942,16.1443,16.1443,2010187.8370641
2009-06-05,16.2788,16.3072,15.8265,16.1542,16.1542,2685486.8985688
2009-06-08,16.1168,16.264,15.8686,16.1649,16.1649,1510489.0827068
2009-06-09,16.1031,16.1727,15.9688,16.0894,16.0894,1241480.9079453
2009-06-10,16.2306,16.2581,15.8628,15.9756,15.9756,1295647.5209226
2009-06-11,15.9943,16.2708,15.901,16.0757,16.0757,1087758.8924636
2009-06-12,15.9815,16.1727,15.8686,15.9688,15.9688,1059593.3955461
2009-06-15,15.8756,15.9688,15.6382,15.7206,15.7206,1956659.4258847
2009-06-16,15.7569,15.799,15.5126,15.5126,15.5126,1625595.8114493
2009-06-17,15.2703,15.4656,14.978,15.0104,15.0104,1707681.2043552
2009-06-18,15.0772,15.3448,14.9976,15.183,15.183,1747243.5988742
2009-06-19,15.3665,15.3861,14.8112,15.2047,15.2047,2218222.2528347
2009-06-22,15.0624,15.1566,14.5494,14.5622,14.5622,2794817.1873961
2009-06-23,14.6495,14.8025,14.5288,14.6288,14.6288,2001613.9119519
2009-06-24,14.7377,14.8829,14.5494,14.6553,14.6553,1496820.75762
2009-06-25,14.6014,14.8025,14.3327,14.7878,14.7878,1487773.7883637
2009-06-26,14.7691,14.8976,14.6367,14.8289,14.8289,1456754.734206
2009-06-29,14.8162,14.978,14.7162,14.9692,14.9692,1382784.4951519
2009-06-30,15.03,15.0772,14.7083,14.9692,14.9692,1522107.2100051
2009-07-01,15.1507,15.284,15.0056,15.132,15.132,1543721.4533233
2009-07-02,15.0183,15.0487,14.6367,14.6553,14.6553,1681608.723877
2009-07-06,14.674,15.0379,14.674,15.0104,15.0104,1972150.6021131
2009-07-07,15.0104,15.0772,14.4082,14.4934,14.4934,2074231.2855334
2009-07-08,14.6014,14.723,14.2689,14.4621,14.4621,2408920.2124181
2009-07-09,14.5944,14.7014,14.4366,14.568,14.568,1232538.946333
2009-07-10,14.4621,14.5131,14.2806,14.4287,14.4287,1102745.4203056
2009-07-13,14.574,15.284,14.5622,15.2703,15.2703,3049069.2394378
2009-07-14,15.1429,15.1634,14.6808,14.8231,14.8231,2130751.9048227
2009-07-15,15.1183,15.3448,14.7878,15.2997,15.2997,2597337.5690913
2009-07-16,15.3448,15.5165,15.1507,15.444,15.444,1925838.153115
2009-07-17,15.4253,15.5126,15.2047,15.4724,15.4724,2093305.9750518
2009-07-20,15.392,15.5892,15.3381,15.5803,15.5803,1664197.8447965
2009-07-21,15.6009,15.7363,15.4656,15.7206,15.7206,1836440.965809
2009-07-22,15.6323,15.9481,15.5607,15.8628,15.8628,1254325.4837466
2009-07-23,15.7293,16.264,15.6519,16.2169,16.2169,2061166.499527
2009-07-24,16.0894,16.37,16.0472,16.2983,16.2983,845918.13225516
2009-07-27,16.4435,16.5926,16.1874,16.5799,16.5799,1161371.2899345
2009-07-28,16.4984,16.6377,16.4346,16.5866,16.5866,1314005.507783
2009-07-29,16.4632,16.5799,16.3778,16.5043,16.5043,1246207.2714198
2009-07-30,16.4719,16.6113,16.2788,16.3778,16.3778,2386946.0885337
2009-07-31,16.4278,16.5799,16.0325,16.1727,16.1727,2885366.4003118
2009-08-03,16.4102,16.4856,16.0266,16.3895,16.3895,2055813.1486633
2009-08-04,16.5642,16.8201,16.3239,16.7446,16.7446,1427328.1260682
2009-08-05,16.623,16.8604,16.4719,16.5719,16.5719,3148673.5775433
2009-08-06,16.8134,16.8849,16.2169,16.2395,16.2395,2658550.9086294
2009-08-07,16.4346,16.5866,16.2581,16.4984,16.4984,2476755.1504824
2009-08-10,16.5102,16.6113,16.2983,16.4435,16.4435,1742121.6726241
2009-08-11,16.5102,16.5367,16.3503,16.3895,16.3895,2538422.1638224
2009-08-12,16.523,16.7231,16.4102,16.5926,16.5926,2432293.0789014
2009-08-13,16.6299,16.8466,16.4062,16.8241,16.8241,1948103.8516229
2009-08-14,16.7388,16.8398,16.5799,16.7093,16.7093,1473225.6419485
2009-08-17,16.4798,16.6113,16.3581,16.37,16.37,1770354.4559932
2009-08-18,16.4435,16.4906,16.2826,16.366,16.366,1087706.8983875
2009-08-19,16.2473,16.5425,16.2395,16.4798,16.4798,2026361.0532331
2009-08-20,16.3974,16.5719,16.366,16.4856,16.4856,2367535.9862492
2009-08-21,16.5367,16.7231,16.417,16.6789,16.6789,2360586.111399
2009-08-24,16.7171,16.8398,16.4435,16.5102,16.5102,2042548.5422856
2009-08-25,16.7093,16.9721,16.6661,16.8201,16.8201,2514531.3955607
2009-08-26,17.0291,17.0291,16.7525,16.9065,16.9065,1426708.2751207
2009-08-27,16.9134,17.0869,16.7309,17.0349,17.0349,1756837.0156765
2009-08-28,17.1115,17.1468,16.9065,17.0869,17.0869,1190111.7801652
2009-08-31,16.8986,17.2655,16.8908,17.2263,17.2263,1817049.2143749
2009-09-01,17.2517,17.3656,16.6377,16.6514,16.6514,2424570.4293502
2009-09-02,16.6113,16.6113,16.4346,16.4719,16.4719,2630936.9567162
2009-09-03,16.5866,16.6857,16.4102,16.673,16.673,1971081.1553304
2009-09-04,16.7093,16.7525,16.4719,16.6789,16.6789,1004965.972325
2009-09-08,16.7857,16.8398,16.5719,16.7652,16.7652,1866559.8088044
2009-09-09,16.6789,17.0409,16.6514,17.0349,17.0349,1848215.0753359
2009-09-10,16.9801,17.1389,16.8702,17.0526,17.0526,2008645.3461373
2009-09-11,17.0526,17.1389,16.9192,17.0997,17.0997,1183496.2985892
2009-09-14,16.9398,17.3733,16.9398,17.3733,17.3733,1288020.7035902
2009-09-15,17.3656,17.4431,17.2263,17.2655,17.2655,1945513.3232388
2009-09-16,17.1595,17.4725,17.0349,17.4665,17.4665,2121165.6244624
2009-09-17,17.5323,17.5431,17.0801,17.0997,17.0997,1491952.6848007
2009-09-18,17.1389,17.4872,17.1262,17.3606,17.3606,2301115.0831591
2009-09-21,17.2517,17.388,17.1889,17.2223,17.2223,1175758.3566627
2009-09-22,17.2517,17.343,17.0526,17.1193,17.1193,1171551.93395
2009-09-23,17.1546,17.3233,16.984,16.9987,16.9987,1472123.5714316
2009-09-24,17.1389,17.2036,16.9134,16.9987,16.9987,1249942.6889717
2009-09-25,16.9065,17.1066,16.877,16.9192,16.9192,1192369.9542583
2009-09-28,17.0212,17.495,16.9653,17.495,17.495,882597.40427521
2009-09-29,17.4548,17.6215,17.3656,17.4793,17.4793,1247672.2809782
2009-09-30,17.4793,17.5627,17.1742,17.4097,17.4097,1958152.9812105
2009-10-01,17.3537,17.4725,17.1468,17.1468,17.1468,2003524.4393788
2009-10-02,16.9261,17.2263,16.8849,17.0869,17.0869,1799538.4251088
2009-10-05,17.2106,17.2223,16.984,17.1889,17.1889,1947915.2456602
2009-10-06,17.3302,17.3606,17.0997,17.343,17.343,1324545.0128735
2009-10-07,17.2517,17.3733,17.1959,17.343,17.343,1140817.317974
2009-10-08,17.4626,17.4725,17.2577,17.2939,17.2939,1714336.4461069
2009-10-09,17.287,17.4097,17.2517,17.4037,17.4037,1013640.8271145
2009-10-12,17.4136,17.495,17.2517,17.2939,17.2939,769473.58686966
2009-10-13,17.3017,17.3479,17.1546,17.2517,17.2517,1462851.2945118
2009-10-14,17.3233,17.5588,17.2577,17.5244,17.5244,1916552.6228031
2009-10-15,17.4431,17.5872,17.343,17.5244,17.5244,1271029.855086
2009-10-16,17.5381,17.5509,17.133,17.2458,17.2458,1362201.9774241
2009-10-19,17.3017,17.5872,17.2577,17.5784,17.5784,1052332.5757305
2009-10-20,17.4872,17.5588,17.2655,17.3164,17.3164,1391525.6169014
2009-10-21,17.239,17.5509,17.1468,17.1822,17.1822,1383036.3095994
2009-10-22,17.233,17.5323,17.1889,17.4872,17.4872,1422937.1753596
2009-10-23,17.388,17.5077,17.1655,17.2106,17.2106,1643822.2838817
2009-10-26,17.2733,17.4361,16.9398,16.984,16.984,1944984.2070517
2009-10-27,17.0938,17.1115,16.8525,16.8662,16.8662,1167260.8934272
2009-10-28,16.8662,16.9801,16.78,16.8525,16.8525,2368482.0745374
2009-10-29,17.0409,17.2263,16.8849,17.1959,17.1959,3391622.5252187
2009-10-30,17.1889,17.239,16.9535,16.984,16.984,3537505.6690966
2009-11-02,17.1115,17.3076,16.9065,17.2036,17.2036,2243876.74172
2009-11-03,17.0135,17.2655,16.9134,17.1742,17.1742,2042062.2447496
2009-11-04,17.3537,17.4293,17.1066,17.1389,17.1389,2250721.6089261
2009-11-05,17.2577,17.343,17.1389,17.3302,17.3302,1564879.9838559
2009-11-06,17.1066,17.3479,17.0349,17.2655,17.2655,1489084.8546769
2009-11-09,17.3733,17.6824,17.3656,17.6824,17.6824,1509840.6859921
2009-11-10,17.6,17.7058,17.4872,17.5921,17.5921,1608071.7687912
2009-11-11,17.7352,17.8049,17.649,17.7432,17.7432,1031804.0910622
2009-11-12,17.6579,17.7352,17.4793,17.4793,17.4793,1362756.5809034
2009-11-13,17.5627,17.5921,17.396,17.4793,17.4793,837941.6292732
2009-11-16,17.5715,17.6078,17.343,17.4097,17.4097,2256976.1904438
2009-11-17,17.3823,17.4361,17.2733,17.3537,17.3537,1238421.4133838
2009-11-18,17.396,17.4097,17.2263,17.2733,17.2733,820333.98829655
2009-11-19,17.2458,17.2458,17.0409,17.0997,17.0997,2210921.6728432
2009-11-20,16.9898,17.1959,16.9477,17.0349,17.0349,1522753.5677366
2009-11-23,17.2106,17.3656,17.1066,17.233,17.233,1259877.6354899
2009-11-24,17.233,17.3164,17.1115,17.2517,17.2517,1145824.0416632
2009-11-25,17.287,17.3823,17.0595,17.1655,17.1655,1756015.3053743
2009-11-27,16.8134,17.0938,16.78,16.877,16.877,1123142.3905458
2009-11-30,16.877,17.1066,16.8201,17.0938,17.0938,1881259.8594814
2009-12-01,17.2036,17.2036,16.9535,17.133,17.133,1736454.3183198
2009-12-02,17.1193,17.2655,17.0595,17.0938,17.0938,1514880.0334154
2009-12-03,17.1468,17.1959,16.8849,16.8908,16.8908,2147173.876964
2009-12-04,17.0869,17.1889,16.8241,17.0732,17.0732,1876843.4214806
2009-12-07,17.1389,17.1468,16.9261,17.0065,17.0065,1763529.9786208
2009-12-08,17.0065,17.1066,16.9604,17.0135,17.0135,1742520.2938748
2009-12-09,17.0135,17.133,16.9329,17.1066,17.1066,1151999.1028291
2009-12-10,17.1655,17.2939,17.0997,17.239,17.239,749643.45400897
2009-12-11,17.2036,17.337,17.1389,17.3017,17.3017,1329228.557697
2009-12-14,17.396,17.5157,17.3017,17.5157,17.5157,848332.28857689
2009-12-15,17.4872,17.6215,17.4097,17.4097,17.4097,1749786.2111489
2009-12-16,17.4999,17.6,17.4214,17.4498,17.4498,1302190.6185885
2009-12-17,17.337,17.4431,17.2655,17.3302,17.3302,4031241.4165595
2009-12-18,17.3302,17.4548,17.1546,17.3076,17.3076,3921532.8963151
2009-12-21,17.2106,17.2517,17.1066,17.1742,17.1742,1060113.3363079
2009-12-22,17.1822,17.3606,17.1822,17.337,17.337,962138.145923
2009-12-23,17.3076,17.4498,17.3076,17.388,17.388,737141.42741544
2009-12-24,17.4037,17.5509,17.3479,17.5431,17.5431,409850.9517244
2009-12-28,17.5784,17.6342,17.4793,17.5381,17.5381,459266.73342666
2009-12-29,17.6147,17.6637,17.4999,17.6342,17.6342,799287.60184976
2009-12-30,17.6342,17.7501,17.5509,17.6981,17.6981,730355.69072731
2009-12-31,17.6764,18.0109,17.5784,17.5784,17.5784,1637502.4548959
2010-01-04,17.7285,17.8854,17.6981,17.7501,17.7501,1864398.4864217
2010-01-05,17.7168,17.7755,17.6078,17.7579,17.7579,2109194.7530393
2010-01-06,17.7352,17.8049,17.6764,17.7962,17.7962,1700640.5947445
2010-01-07,17.7501,17.8854,17.7058,17.8628,17.8628,1467411.4808409
2010-01-08,17.8158,17.8922,17.7432,17.8049,17.8049,1131324.8308491
2010-01-11,17.856,18.0187,17.8158,17.9403,17.9403,949993.96091264
2010-01-12,17.9756,18.0836,17.8628,17.9039,17.9039,1232709.2014451
2010-01-13,17.8992,18.1502,17.8992,18.0688,18.0688,1102528.2685755
2010-01-14,17.9756,18.1728,17.8854,18.105,18.105,1088901.742648
2010-01-15,17.9677,18.118,17.8854,17.9884,17.9884,1446579.187649
2010-01-19,18.0031,18.3228,17.9756,18.318,18.318,1261064.323817
2010-01-20,18.2728,18.2728,17.954,18.112,18.112,1237075.6843531
2010-01-21,18.0737,18.2728,17.7962,17.9756,17.9756,1993434.5301236
2010-01-22,17.9403,18.118,17.5784,17.6078,17.6078,1916029.6235662
2010-01-25,17.7235,17.9109,17.649,17.7285,17.7285,1502432.0398813
2010-01-26,17.7432,17.9335,17.5431,17.5715,17.5715,1289042.2342636
2010-01-27,17.5784,17.7579,17.4548,17.7168,17.7168,1638456.6991177
2010-01-28,17.7168,17.8099,17.5157,17.5715,17.5715,1254958.588086
2010-01-29,17.5784,17.8158,17.5715,17.6764,17.6764,2166309.7359838
2010-02-01,17.6265,17.8697,17.5509,17.6215,17.6215,2141480.0158758
2010-02-02,17.5627,17.8432,17.5588,17.8432,17.8432,1200695.1233982
2010-02-03,17.7285,17.8922,17.6637,17.8363,17.8363,1870792.7383009
2010-02-04,17.7285,17.8628,17.5872,17.5872,17.5872,3573454.9850666
2010-02-05,17.6716,17.7686,17.3537,17.6215,17.6215,2679642.1527105
2010-02-08,17.5872,17.6891,17.1595,17.1889,17.1889,2140577.7657303
2010-02-09,17.1959,17.4037,17.0801,17.2655,17.2655,1746435.1419642
2010-02-10,17.1959,17.4136,17.1468,17.3164,17.3164,1207718.4016502
2010-02-11,17.2577,17.4725,17.1822,17.3302,17.3302,1339708.9322693
2010-02-12,17.2655,17.4214,17.1742,17.4037,17.4037,1902677.3409033
2010-02-16,17.4431,17.6342,17.3537,17.6342,17.6342,1245783.1628768
2010-02-17,17.6265,17.7843,17.6147,17.7579,17.7579,1004413.407829
2010-02-18,17.7352,17.8775,17.6891,17.856,17.856,1678933.5776826
2010-02-19,17.7628,17.9109,17.6891,17.8922,17.8922,1765409.9212971
2010-02-22,17.9039,17.9884,17.7501,17.9756,17.9756,1261541.4459279
2010-02-23,17.9256,18.0237,17.7755,17.8158,17.8158,1460456.5085321
2010-02-24,17.856,18.0796,17.7962,18.0316,18.0316,1265041.3608994
2010-02-25,17.8697,18.0619,17.8432,18.0619,18.0619,1253098.0157519
2010-02-26,18.105,18.105,17.8922,18.0109,18.0109,1212240.8667866
2010-03-01,17.9619,18.3455,17.9619,18.3375,18.3375,1738390.333039
2010-03-02,18.4533,18.6063,18.366,18.574,18.574,2065496.2807341
2010-03-03,18.622,18.7073,18.4475,18.5416,18.5416,1433003.6363059
2010-03-04,18.5533,18.6476,18.4749,18.6348,18.6348,1406905.6685355
2010-03-05,18.7466,18.8683,18.6348,18.7956,18.7956,2039334.0849874
2010-03-08,18.827,19.0084,18.8143,18.978,18.978,1335431.1451385
2010-03-09,18.8683,19.1311,18.8683,19.0369,19.0369,1266080.2229315
2010-03-10,19.0438,19.1311,18.8544,19.0084,19.0084,1906925.5627753
2010-03-11,19.0369,19.1164,18.934,19.0831,19.0831,1303855.4485181
2010-03-12,19.2008,19.3116,19.0017,19.0869,19.0869,1979629.5931503
2010-03-15,19.0869,19.2449,19.0221,19.2175,19.2175,1467095.438417
2010-03-16,19.2518,19.3233,19.1458,19.2576,19.2576,1214211.5442231
2010-03-17,19.3233,19.5627,19.3038,19.4989,19.4989,1066416.8534268
2010-03-18,19.5058,19.6196,19.4647,19.6137,19.6137,973877.59273247
2010-03-19,19.8472,19.8599,19.5186,19.6843,19.6843,2326745.1042437
2010-03-22,19.339,19.3773,19.1704,19.2085,19.2085,1628393.2966464
2010-03-23,19.2841,19.4048,19.1752,19.391,19.391,1053503.9716823
2010-03-24,19.339,19.3567,19.2175,19.2841,19.2841,1063518.4385523
2010-03-25,19.3773,19.5578,19.3165,19.3322,19.3322,1159541.3023511
2010-03-26,19.3832,19.5578,19.339,19.4243,19.4243,1085698.4997583
2010-03-29,19.4989,19.6529,19.4647,19.6334,19.6334,1053624.2717016
2010-03-30,19.6785,19.6785,19.4724,19.545,19.545,1058300.6800833
2010-03-31,19.4784,19.5136,19.3038,19.3636,19.3636,1397750.6331601
2010-04-01,19.4724,19.5391,19.339,19.4784,19.4784,1193175.3526934
2010-04-05,19.445,19.6264,19.3979,19.6068,19.6068,983733.01889894
2010-04-06,19.6196,19.6912,19.5578,19.6706,19.6706,1037645.7784455
2010-04-07,19.6334,19.7392,19.5136,19.5784,19.5784,1299890.6453361
2010-04-08,19.5696,19.6912,19.4647,19.6471,19.6471,1802830.3637757
2010-04-09,19.7226,19.8412,19.5136,19.6196,19.6196,1139664.2728726
2010-04-12,19.6334,19.7137,19.4724,19.5627,19.5627,1114029.1543295
2010-04-13,19.6196,19.7588,19.4784,19.7059,19.7059,1089216.7655802
2010-04-14,19.753,20.0002,19.6912,20.0002,20.0002,1171460.179698
2010-04-15,19.9688,20.0453,19.8599,19.9756,19.9756,950813.63223134
2010-04-16,19.906,19.9531,19.5244,19.5931,19.5931,2697778.9098743
2010-04-19,19.5391,19.8069,19.5313,19.7991,19.7991,1277196.7603184
2010-04-20,19.8991,19.9609,19.7274,19.9472,19.9472,1514325.4299361
2010-04-21,19.9756,20.0002,19.7765,19.9118,19.9118,1986217.5484507
2010-04-22,19.8275,20.0002,19.6334,19.9923,19.9923,1151375.1739148
2010-04-23,19.8903,20.2336,19.8492,20.2336,20.2336,1179256.2326508
2010-04-26,20.2474,20.3434,20.0953,20.1061,20.1061,0.0
2010-04-27,20.1012,20.1199,19.3233,19.3518,19.3518,1381914.8687405
2010-04-28,19.4784,19.7658,19.4048,19.5391,19.5391,1372248.0485367
2010-04-29,19.5696,19.6137,19.2242,19.5136,19.5136,1891369.1390787
2010-04-30,19.2841,19.3233,19.0017,19.0488,19.0488,2190357.5059658
2010-05-03,19.0948,19.3449,19.0144,19.2292,19.2292,1662540.1513087
2010-05-04,19.0144,19.0693,18.6142,18.7534,18.7534,2338457.0247774
2010-05-05,18.4857,18.827,18.1317,18.6858,18.6858,2788776.6991334
2010-05-06,18.6534,18.7701,17.4872,18.0796,18.0796,3968852.603103
2010-05-07,18.1502,18.3121,17.7285,17.8049,17.8049,4158347.5624923
2010-05-10,18.3886,18.5456,18.2444,18.5062,18.5062,2608898.604855
2010-05-11,18.3228,18.673,18.2875,18.3944,18.3944,2102236.7222556
2010-05-12,18.5259,18.6603,18.4475,18.6416,18.6416,1521860.4930162
2010-05-13,18.6015,18.7849,18.5661,18.5661,18.5661,1521833.9862323
2010-05-14,18.4681,18.5062,18.2513,18.3532,18.3532,2114246.3343629
2010-05-17,18.4082,18.6603,18.3061,18.6142,18.6142,1981399.430724
2010-05-18,18.827,18.8614,18.4258,18.4475,18.4475,2519213.9208925
2010-05-19,18.3061,18.6858,18.2944,18.5259,18.5259,1500553.1166968
2010-05-20,18.2444,18.2944,17.7962,17.8363,17.8363,2668483.8161642
2010-05-21,17.4999,18.0836,17.4361,18.0836,18.0836,2371977.9115422
2010-05-24,17.9619,18.0913,17.7432,17.7432,17.7432,1368296.4987465
2010-05-25,17.3606,17.6824,17.1822,17.6824,17.6824,2730024.4125348
2010-05-26,17.8099,17.8854,17.5077,17.5588,17.5588,1817268.4050883
2010-05-27,17.954,18.2513,17.6891,18.2513,18.2513,2140021.1232675
2010-05-28,18.1728,18.366,18.0688,18.213,18.213,1836885.4641859
2010-06-01,17.9619,18.3592,17.8628,17.8628,17.8628,2143204.9958152
2010-06-02,17.9756,18.3797,17.8697,18.3719,18.3719,1394289.4588728
2010-06-03,18.4082,18.4681,18.2208,18.4014,18.4014,1057013.0620789
2010-06-04,18.0394,18.1317,17.6637,17.6764,17.6764,2088442.999691
2010-06-07,17.8099,17.8854,17.5784,17.5784,17.5784,1972966.195465
2010-06-08,17.6078,17.9256,17.4136,17.9039,17.9039,1831843.0582875
2010-06-09,18.0316,18.0688,17.7962,17.856,17.856,1708623.2146766
2010-06-10,18.0531,18.574,18.0453,18.5533,18.5533,1764931.7796944
2010-06-11,18.3719,18.6926,18.3228,18.6799,18.6799,1181748.8898328
2010-06-14,18.8211,18.9211,18.6476,18.7339,18.7339,1828502.1840196
2010-06-15,18.7339,19.0831,18.6799,19.0369,19.0369,1566040.1653991
2010-06-16,18.978,18.9937,18.7623,18.8544,18.8544,1489071.6012849
2010-06-17,18.882,18.9565,18.7623,18.9408,18.9408,1908437.4689513
2010-06-18,19.0144,19.0144,18.8888,18.9496,18.9496,1595995.889724
2010-06-21,18.8614,18.8888,18.4788,18.5456,18.5456,1855838.8341931
2010-06-22,18.6799,18.7073,18.4121,18.4475,18.4475,2269207.0322478
2010-06-23,18.5661,18.5808,18.1855,18.2994,18.2994,1771725.6723161
2010-06-24,18.2875,18.3061,17.9953,18.0531,18.0531,1557816.9454282
2010-06-25,18.105,18.3375,17.9825,18.3228,18.3228,1546994.0216479
2010-06-28,18.2875,18.3886,18.1317,18.1354,18.1354,1444772.6483744
2010-06-29,17.9884,17.9884,17.4498,17.5509,17.5509,2760275.7894499
2010-06-30,17.5509,17.6362,17.3233,17.3312,17.3312,2161376.4156963
2010-07-01,17.388,17.4548,16.9535,17.1193,17.1193,2456518.2404373
2010-07-02,17.2036,17.3017,16.9477,17.0997,17.0997,1485396.3337427
2010-07-06,17.2802,17.3606,16.9134,17.0938,17.0938,1688495.3902424
2010-07-07,17.1742,17.649,17.0997,17.6265,17.6265,1851792.4716759
2010-07-08,17.7285,17.9619,17.6412,17.9619,17.9619,2093090.8623053
2010-07-09,17.9109,18.1424,17.856,18.1354,18.1354,1378523.0198881
2010-07-12,18.0836,18.1855,17.9953,18.112,18.112,1683442.7894272
2010-07-13,18.3121,18.5347,18.2375,18.4925,18.4925,1865622.8959413
2010-07-14,18.4121,18.5456,18.1934,18.4258,18.4258,1663925.6405153
2010-07-15,18.5062,18.5259,18.1934,18.4189,18.4189,1419830.7841805
2010-07-16,18.3061,18.3455,17.8049,17.8285,17.8285,1905545.1710271
2010-07-19,17.8158,18.0109,17.7168,17.9403,17.9403,1273384.8808898
2010-07-20,17.7501,18.1354,17.5323,18.1237,18.1237,1724922.8478151
2010-07-21,18.1502,18.2307,17.7285,17.7501,17.7501,1436430.1478758
2010-07-22,17.9756,18.2728,17.9453,18.2444,18.2444,1897409.6273415
2010-07-23,18.2875,18.4857,18.1502,18.4533,18.4533,1298806.9256697
2010-07-26,18.4681,18.7005,18.3797,18.7005,18.7005,1088042.3111535
2010-07-27,18.8211,18.8211,18.6799,18.7701,18.7701,1414745.5596311
2010-07-28,18.8074,18.8074,18.3592,18.5603,18.5603,1941588.2802327
2010-07-29,18.8016,18.8143,18.3797,18.5808,18.5808,1950574.0799876
2010-07-30,18.2875,18.6603,18.2728,18.4533,18.4533,1656634.235949
2010-08-02,18.7005,18.9035,18.6279,18.8967,18.8967,1457810.9275967
2010-08-03,18.8683,18.8683,18.6476,18.6662,18.6662,1390496.9497862
2010-08-04,18.7153,18.8683,18.6534,18.8143,18.8143,1302080.513486
2010-08-05,18.6662,18.8016,18.6279,18.7849,18.7849,994782.26983433
2010-08-06,18.5112,18.6662,18.2061,18.4121,18.4121,2075780.9129021
2010-08-09,18.5112,18.6416,18.4857,18.6416,18.6416,1254700.6566885
2010-08-10,18.4475,18.5112,18.2797,18.4082,18.4082,1473708.8810095
2010-08-11,18.1728,18.1934,17.9109,17.9177,17.9177,1942452.8091856
2010-08-12,17.7501,17.9109,17.6891,17.8363,17.8363,1466522.4840873
2010-08-13,17.7579,18.0737,17.7235,17.8628,17.8628,1633505.0279796
2010-08-16,17.8432,17.9335,17.7285,17.8285,17.8285,1333894.7711617
2010-08-17,18.0109,18.2061,17.9177,18.1993,18.1993,1857169.2708486
2010-08-18,18.213,18.3375,18.0531,18.3298,18.3298,2256545.9649506
2010-08-19,18.2601,18.2797,17.951,17.9677,17.9677,1356576.4222791
2010-08-20,17.8854,18.0913,17.7962,18.0316,18.0316,1545072.2798124
2010-08-23,18.1502,18.1571,17.954,17.954,17.954,977491.69077324
2010-08-24,17.851,18.0619,17.7579,17.9453,17.9453,1703135.2909098
2010-08-25,17.856,18.105,17.7168,18.0453,18.0453,1282749.9315534
2010-08-26,18.0913,18.0913,17.8226,17.856,17.856,1309622.713008
2010-08-27,18.0109,18.2375,17.8363,18.2307,18.2307,1227238.6090371
2010-08-30,18.112,18.1993,17.8049,17.8158,17.8158,1003950.5586018
2010-08-31,17.8206,17.9825,17.6863,17.8608,17.8608,1836932.3608035
2010-09-01,18.0796,18.4788,18.0187,18.4788,18.4788,2375683.763835
2010-09-02,18.5062,18.6015,18.4014,18.5533,18.5533,1865955.2502322
2010-09-03,18.7466,18.9565,18.6534,18.9565,18.9565,1595208.8421395
2010-09-07,18.882,18.9035,18.5965,18.6416,18.6416,1358490.0081811
2010-09-08,18.7623,18.8143,18.5965,18.7339,18.7339,2036036.0293704
2010-09-09,18.9035,19.0084,18.7701,18.9211,18.9211,1556842.3113726
2010-09-10,18.934,19.0369,18.8487,18.9261,18.9261,1397529.4034633
2010-09-13,19.0625,19.3165,19.0488,19.3038,19.3038,1854183.1796888
2010-09-14,19.2959,19.4176,19.1458,19.3038,19.3038,1297285.8440683
2010-09-15,19.2175,19.5313,19.189,19.4921,19.4921,1243256.8624691
2010-09-16,19.4921,19.5627,19.29,19.5058,19.5058,1296317.3269628
2010-09-17,19.6558,19.6843,19.4293,19.5627,19.5627,1902866.9663577
2010-09-20,19.3695,19.5391,19.1821,19.4724,19.4724,2185374.2305854
2010-09-21,19.6068,19.6529,19.2085,19.2959,19.2959,2637987.7612436
2010-09-22,19.2841,19.3233,18.9211,18.9211,18.9211,2813197.6030738
2010-09-23,18.8143,18.9565,18.6858,18.6926,18.6926,1515646.6911661
2010-09-24,18.8751,19.2773,18.8683,19.2773,19.2773,1887373.7511458
2010-09-27,19.3567,19.3567,19.1164,19.1507,19.1507,1363349.925067
2010-09-28,19.1458,19.4243,18.9879,19.391,19.391,1556922.851216
2010-09-29,19.3832,19.391,19.1311,19.2175,19.2175,1238188.9692785
2010-09-30,19.293,19.6558,19.293,19.3067,19.3067,1948475.9660898
2010-10-01,19.4784,19.5136,19.2085,19.3233,19.3233,1756110.1181016
2010-10-04,19.339,19.4518,19.237,19.3449,19.3449,1208568.6577195
2010-10-05,19.4243,19.8069,19.2576,19.7392,19.7392,1965657.45954
2010-10-06,19.753,19.7844,19.6,19.7658,19.7658,1210739.1555273
2010-10-07,19.8069,19.906,19.6529,19.7471,19.7471,1175434.1583053
2010-10-08,19.753,19.8599,19.6137,19.7844,19.7844,650590.66090775
2010-10-11,19.8412,19.8736,19.7137,19.7765,19.7765,754482.98106103
2010-10-12,19.7324,19.9118,19.7,19.8804,19.8804,1085176.520013
2010-10-13,19.9256,20.164,19.8933,20.0139,20.0139,1128915.7719858
2010-10-14,19.9393,20.2689,19.9178,20.0335,20.0335,1619616.4926879
2010-10-15,20.156,20.215,19.9531,20.008,20.008,1981333.1637642
2010-10-18,20.0139,20.1816,20.0002,20.1816,20.1816,992106.1041483
2010-10-19,19.9609,20.2896,19.8933,19.9472,19.9472,1693568.3808915
2010-10-20,20.0256,20.3552,20.0139,20.2689,20.2689,1442028.1767451
2010-10-21,20.4023,20.5622,20.2081,20.2611,20.2611,1337597.5649795
2010-10-22,20.2896,20.47,20.2896,20.4239,20.4239,1208022.2101737
2010-10-25,20.5308,20.6583,20.4916,20.5368,20.5368,1125264.9722442
2010-10-26,20.4298,20.5308,20.2474,20.2758,20.2758,1418904.0662342
2010-10-27,20.315,20.3494,20.0256,20.323,20.323,1426809.204798
2010-10-28,20.1483,20.2542,19.7844,19.8148,19.8148,2546038.7862377
2010-10-29,19.7864,19.8178,19.6147,19.7265,19.7265,1368565.6445526
2010-11-01,19.853,20.0815,19.6558,19.7588,19.7588,1561986.6664399
2010-11-02,19.9923,20.0815,19.9118,20.0139,20.0139,1111305.0725341
2010-11-03,20.0208,20.06,19.7588,20.0335,20.0335,1934648.6002993
2010-11-04,20.2963,20.7055,20.1816,20.6985,20.6985,2134217.1570767
2010-11-05,20.6985,20.9251,20.4553,20.5897,20.5897,1512789.0559593
2010-11-08,20.5622,20.5897,20.2081,20.3434,20.3434,2025505.6997052
2010-11-09,20.3671,20.417,20.0256,20.0815,20.0815,1241875.4512293
2010-11-10,20.156,20.3091,20.0531,20.2896,20.2896,1918231.7256164
2010-11-11,20.164,20.2326,20.0453,20.1012,20.1012,1110976.7962099
2010-11-12,20.0256,20.0668,19.8933,19.9393,19.9393,1013869.1932531
2010-11-15,20.0953,20.4239,20.0453,20.215,20.215,2152170.4057363
2010-11-16,20.1199,20.164,19.7059,19.7765,19.7765,1998067.1003627
2010-11-17,19.8207,19.8864,19.7059,19.853,19.853,1512772.7440923
2010-11-18,20.0256,20.2474,19.8804,20.1816,20.1816,1501376.8659822
2010-11-19,20.1404,20.1747,19.9531,20.1747,20.1747,1237699.6132673
2010-11-22,20.1699,20.1699,19.8864,20.1119,20.1119,1673379.3869559
2010-11-23,19.8864,20.0208,19.8069,19.9472,19.9472,1397396.8695437
2010-11-24,20.0815,20.2816,20.0531,20.2758,20.2758,1596801.2881591
2010-11-26,20.1346,20.2689,20.0668,20.0668,20.0668,654375.01406074
2010-11-29,19.9472,20.215,19.7844,20.1747,20.1747,947320.85370167
2010-11-30,19.9736,20.3101,19.9305,20.1875,20.1875,1495526.0031738
2010-12-01,20.5073,20.7436,20.4955,20.6338,20.6338,1286949.2178242
2010-12-02,20.7055,20.9584,20.6848,20.7917,20.7917,1899845.1929886
2010-12-03,20.7222,20.7701,20.3671,20.5563,20.5563,2304465.132852
2010-12-06,20.5435,20.5985,20.4357,20.5308,20.5308,2279101.1990985
2010-12-07,20.778,20.8536,20.6201,20.6662,20.6662,4151076.5477597
2010-12-08,20.6926,20.8889,20.6259,20.8889,20.8889,1400378.8827367
2010-12-09,21.0163,21.1281,20.8712,21.032,21.032,1284349.5140148
2010-12-10,21.0644,21.1331,20.9584,21.1144,21.1144,887697.92119989
2010-12-13,21.2381,21.4803,21.1645,21.4646,21.4646,1720297.4140179
2010-12-14,21.4646,21.5559,21.3656,21.4255,21.4255,1199571.6435559
2010-12-15,21.393,21.5412,21.3587,21.4135,21.4135,2959051.1816927
2010-12-16,21.4155,21.5843,21.3282,21.5372,21.5372,1147793.6996082
2010-12-17,21.5412,21.6127,21.3087,21.3087,21.3087,4128137.9847365
2010-12-20,21.1478,21.2381,21.0457,21.0928,21.0928,1541298.1215763
2010-12-21,21.2381,21.3793,21.0987,21.3528,21.3528,996121.8819149
2010-12-22,21.3998,21.6019,21.2861,21.5813,21.5813,1105251.3308794
2010-12-23,21.5264,21.6019,21.3861,21.3861,21.3861,730693.14247669
2010-12-27,21.3087,21.5117,21.1223,21.4852,21.4852,536073.19836208
2010-12-28,21.4578,21.5058,21.3861,21.4422,21.4422,574640.56899186
2010-12-29,21.5146,21.5372,21.3783,21.4135,21.4135,491748.75815928
2010-12-30,21.4195,21.4509,21.2605,21.2822,21.2822,825784.19087087
2010-12-31,21.1743,21.3567,21.1743,21.2244,21.2244,723892.11341321
2011-01-03,21.4696,21.6764,21.4646,21.6363,21.6363,1135522.0781365
2011-01-04,21.7285,21.7824,21.3656,21.4696,21.4696,1101581.1607956
2011-01-05,21.4332,21.5676,21.393,21.5264,21.5264,991972.55073691
2011-01-06,21.548,21.6019,21.4422,21.5058,21.5058,953064.66988269
2011-01-07,21.6284,21.6284,21.141,21.3087,21.3087,1096202.3226396
2011-01-10,21.2655,21.3861,21.0517,21.3459,21.3459,1085140.8378039
2011-01-11,21.4803,21.6069,21.1802,21.2321,21.2321,955192.34903955
2011-01-12,21.4058,21.548,21.3528,21.4422,21.4422,885669.13273695
2011-01-13,21.4852,21.5264,21.2792,21.3352,21.3352,950014.35074643
2011-01-14,21.2508,21.5333,21.2144,21.5333,21.5333,853485.81906946
2011-01-18,21.5333,21.6206,21.4852,21.5931,21.5931,768851.69693881
2011-01-19,21.5412,21.643,21.2144,21.2508,21.2508,1017401.7319587
2011-01-20,21.2792,21.4058,21.2321,21.2724,21.2724,1325418.7172517
2011-01-21,21.2724,21.3744,21.2144,21.2792,21.2792,2590338.7586401
2011-01-24,21.2448,21.656,21.2448,21.6284,21.6284,1312535.4007662
2011-01-25,21.4696,21.7824,21.4332,21.7707,21.7707,1458081.0928946
2011-01-26,21.8628,21.8795,21.7059,21.7059,21.7059,1511916.3710727
2011-01-27,21.6873,21.9708,21.6814,21.9648,21.9648,865690.15408952
2011-01-28,22.0305,22.0669,21.5333,21.5412,21.5412,1615165.3919696
2011-01-31,21.7756,21.7903,21.4616,21.4616,21.4616,1484943.6794325
2011-02-01,21.6206,22.0424,21.5745,22.0248,22.0248,1853170.8244407
2011-02-02,22.06,22.06,21.7893,21.8237,21.8237,1293479.0620982
2011-02-03,22.4426,22.8221,21.7707,22.1659,22.1659,2036445.8650297
2011-02-04,21.9914,22.2562,21.9708,22.2032,22.2032,1245245.8907562
2011-02-07,22.3454,22.3592,22.1709,22.1963,22.1963,1813399.434125
2011-02-08,22.2239,22.2994,22.0884,22.2994,22.2994,1747680.9608092
2011-02-09,22.1856,22.3052,22.0375,22.2562,22.2562,1362149.983348
2011-02-10,22.111,22.366,22.0953,22.3592,22.3592,1164119.8395305
2011-02-11,22.3454,22.4936,22.2032,22.4936,22.4936,695154.68165766
2011-02-14,22.5731,22.5897,22.2366,22.3121,22.3121,832274.27496892
2011-02-15,22.2169,22.3926,22.211,22.3513,22.3513,656266.17114555
2011-02-16,22.3817,22.6054,22.366,22.5965,22.5965,883486.40102882
2011-02-17,22.5838,22.7465,22.5337,22.6937,22.6937,818015.66419365
2011-02-18,22.5965,22.9938,22.5965,22.8967,22.8967,1041598.3477273
2011-02-22,22.7271,22.8006,22.6338,22.7064,22.7064,1651022.9536876
2011-02-23,22.7338,22.8221,22.4239,22.5014,22.5014,1251275.1646104
2011-02-24,22.5132,22.5965,22.2239,22.366,22.366,1354585.3550087
2011-02-25,22.4857,22.5897,22.3926,22.5731,22.5731,1041614.6595943
2011-02-28,22.6594,22.8496,22.5808,22.8094,22.8094,1452620.6954034
2011-03-01,22.8202,22.88,22.3454,22.3454,22.3454,1277394.5417062
2011-03-02,22.2895,22.3386,21.9442,22.1435,22.1435,1469690.0447678
2011-03-03,22.3454,22.521,22.2493,22.4573,22.4573,3946279.0181047
2011-03-04,22.4573,22.4651,22.0071,22.268,22.268,4106087.3989752
2011-03-07,22.3926,22.4308,22.0168,22.111,22.111,6214676.5739506
2011-03-08,22.111,22.5524,22.0375,22.4798,22.4798,1336087.6977867
2011-03-09,22.4651,22.4955,22.2974,22.4239,22.4239,824436.42285679
2011-03-10,22.2277,22.2277,22.0335,22.0865,22.0865,1364967.8583789
2011-03-11,22.0571,22.1552,21.8501,22.1552,22.1552,1443086.4091192
2011-03-14,22.0395,22.114,21.9168,21.9934,21.9934,1235309.9247462
2011-03-15,21.4763,21.7952,21.2792,21.6677,21.6677,3592357.3804894
2011-03-16,21.6403,21.8237,21.3587,21.4274,21.4274,2850734.2676051
2011-03-17,21.701,21.7657,21.5303,21.6873,21.6873,1094589.4867862
2011-03-18,21.9934,22.1482,21.8157,21.8364,21.8364,2370312.0621208
2011-03-21,22.1345,22.3229,22.0629,22.3052,22.3052,354888.11573726
2011-03-22,22.2493,22.366,22.0993,22.0993,22.0993,877836.37808327
2011-03-23,22.0629,22.0914,21.7814,21.9237,21.9237,1210548.5105814
2011-03-24,22.0452,22.0865,21.809,22.0002,22.0002,759812.88361595
2011-03-25,22.0522,22.1218,21.9237,22.0188,22.0188,914530.94247867
2011-03-28,22.0786,22.114,21.9511,21.959,21.959,935726.17471216
2011-03-29,21.9727,22.1287,21.8294,22.0786,22.0786,877441.83479927
2011-03-30,22.1748,22.3583,22.0865,22.3583,22.3583,861856.86533542
2011-03-31,22.3346,22.418,22.214,22.2356,22.2356,1285759.4710221
2011-04-01,22.4102,22.4436,22.2817,22.3739,22.3739,1020547.8833138
2011-04-04,22.4317,22.6073,22.3513,22.6073,22.6073,1228444.6677062
2011-04-05,22.5464,22.6005,22.4436,22.521,22.521,1166117.0237511
2011-04-06,22.5858,22.7448,22.5681,22.7388,22.7388,997267.79057437
2011-04-07,22.6691,22.7515,22.5103,22.5142,22.5142,1322507.0489852
2011-04-08,22.7034,22.7034,22.2493,22.3229,22.3229,687590.05331843
2011-04-11,22.3926,22.5464,22.3169,22.3817,22.3817,712716.44550827
2011-04-12,22.3169,22.3386,22.0188,22.0188,22.0188,970818.09817101
2011-04-13,22.1435,22.1836,21.8157,21.8883,21.8883,1010267.3291126
2011-04-14,21.7746,21.8157,21.6403,21.7196,21.7196,791366.15141907
2011-04-15,21.8157,21.8364,21.6039,21.8237,21.8237,990303.6428405
2011-04-18,21.6039,21.648,21.3587,21.4529,21.4529,939546.21007431
2011-04-19,21.5372,21.5715,21.393,21.4008,21.4008,846011.92549063
2011-04-20,21.6333,21.7196,21.5843,21.6039,21.6039,828915.04985062
2011-04-21,21.6256,21.8688,21.6166,21.7814,21.7814,630146.79404971
2011-04-25,21.7196,21.8805,21.6814,21.8157,21.8157,661926.389008
2011-04-26,21.8294,22.0267,21.8294,21.9805,21.9805,702888.54561742
2011-04-27,21.9855,22.1435,21.9442,22.1345,22.1345,1044938.2025034
2011-04-28,21.9168,22.0119,21.1929,21.4352,21.4352,2445511.8081529
2011-04-29,21.3734,21.5058,21.2655,21.4843,21.4843,1038145.3293735
2011-05-02,21.5303,21.5912,21.2861,21.3214,21.3214,1047718.3563419
2011-05-03,21.2381,21.3145,20.9674,21.2254,21.2254,2898967.4389471
2011-05-04,21.2861,21.3145,21.0203,21.1703,21.1703,928407.24387022
2011-05-05,21.1204,21.1556,20.7947,20.8653,20.8653,1014980.439195
2011-05-06,21.0614,21.1929,20.9437,20.9889,20.9889,1108890.9162123
2011-05-09,21.0076,21.2381,20.8732,21.2086,21.2086,1391204.4770191
2011-05-10,21.2861,21.393,21.1625,21.3813,21.3813,896380.93192296
2011-05-11,21.3185,21.3989,20.9654,21.035,21.035,1372930.0884772
2011-05-12,20.9046,21.2381,20.7289,21.2194,21.2194,2210594.4160107
2011-05-13,21.2144,21.2144,20.878,20.9614,20.9614,1161816.8078029
2011-05-16,20.928,21.084,20.8546,20.9674,20.9674,1455708.7357322
2011-05-17,20.9437,20.9801,20.8613,20.9742,20.9742,1171846.5670484
2011-05-18,20.9546,21.1194,20.8613,21.1194,21.1194,1688888.9140348
2011-05-19,21.1311,21.2144,20.878,21.0203,21.0203,1653616.5405468
2011-05-20,20.9026,21.0428,20.7663,20.8084,20.8084,1231752.91824
2011-05-23,20.5887,20.6152,20.3641,20.473,20.473,3242980.6368279
2011-05-24,20.4808,20.5054,20.215,20.2778,20.2778,1774834.1024786
2011-05-25,20.2778,20.2983,20.0384,20.2552,20.2552,1396366.1634452
2011-05-26,20.215,20.4504,20.0806,20.42,20.42,1160370.149095
2011-05-27,20.4494,20.5044,20.3013,20.4033,20.4033,1445871.6604161
2011-05-31,20.5131,20.6279,20.4092,20.6201,20.6201,1718963.9188874
2011-06-01,20.5338,20.6152,20.1875,20.1875,20.1875,3964642.1024236
2011-06-02,20.2826,20.4337,20.0934,20.1179,20.1179,2495471.9984176
2011-06-03,19.9776,20.1404,19.9128,19.9629,19.9629,1961405.1597013
2011-06-06,19.9736,20.0051,19.7481,19.7864,19.7864,1770001.7118685
2011-06-07,19.8933,19.9962,19.6863,19.853,19.853,7326811.5127202
2011-06-08,19.8335,19.8402,19.6863,19.7098,19.7098,1631998.219262
2011-06-09,19.805,19.9629,19.6863,19.9492,19.9492,1852214.5412355
2011-06-10,19.853,19.9275,19.6942,19.7971,19.7971,2545612.6387114
2011-06-13,19.8472,19.9412,19.548,19.5676,19.5676,2401957.084176
2011-06-14,19.755,19.9128,19.6648,19.8197,19.8197,1657751.5988411
2011-06-15,19.6785,19.7638,19.4253,19.4607,19.4607,2168342.6024136
2011-06-16,19.4607,19.6942,19.439,19.5843,19.5843,1369322.1073866
2011-06-17,19.7638,19.8255,19.5568,19.5843,19.5843,2018728.1189506
2011-06-20,19.6196,19.7354,19.4547,19.6264,19.6264,1489641.4971395
2011-06-21,19.6401,19.7177,19.495,19.6264,19.6264,1796437.1313882
2011-06-22,19.6196,19.7177,19.4685,19.4881,19.4881,1348187.0251628
2011-06-23,19.3155,19.4313,19.1164,19.3783,19.3783,1934295.8561746
2011-06-24,19.4253,19.4547,19.2332,19.3439,19.3439,1644849.9315052
2011-06-27,19.3989,19.5843,19.339,19.495,19.495,1340247.2238817
2011-06-28,19.543,19.6137,19.4547,19.5617,19.5617,1239687.6220628
2011-06-29,19.6568,19.9551,19.6344,19.9365,19.9365,1331694.7080948
2011-06-30,19.9923,20.166,19.8874,20.063,20.063,2084345.6625892
2011-07-01,20.0737,20.313,20.0227,20.265,20.265,1544180.2245837
2011-07-05,20.265,20.265,19.9776,20.0806,20.0806,1532396.9396315
2011-07-06,20.058,20.1404,19.9128,20.0041,20.0041,1537734.99812
2011-07-07,20.1699,20.2513,20.0649,20.21,20.21,1610753.0319357
2011-07-08,20.0384,20.0384,19.8472,19.9551,19.9551,1373195.1563166
2011-07-11,19.7638,19.8197,19.548,19.5764,19.5764,1885558.0364461
2011-07-12,19.5843,19.7814,19.5568,19.5617,19.5617,1899707.5616106
2011-07-13,19.7294,19.7755,19.4607,19.5097,19.5097,1749159.2237596
2011-07-14,19.5568,19.5921,19.2419,19.3096,19.3096,1719627.6079776
2011-07-15,19.4253,19.4822,19.0428,19.1321,19.1321,2271876.061492
2011-07-18,19.0869,19.1164,18.7888,18.883,18.883,1900550.6812381
2011-07-19,19.2038,19.2419,18.883,19.1615,19.1615,1708842.4053899
2011-07-20,19.2332,19.2822,19.0831,19.1772,19.1772,1169840.2074027
2011-07-21,19.339,19.755,19.3155,19.6529,19.6529,1562621.8097627
2011-07-22,19.6785,19.7354,19.495,19.5283,19.5283,842007.36213262
2011-07-25,19.392,19.6058,19.2822,19.5029,19.5029,1414142.0205506
2011-07-26,19.5224,19.5784,19.3626,19.4538,19.4538,1117876.7159673
2011-07-27,19.392,19.4607,19.0683,19.0762,19.0762,1635486.919825
2011-07-28,19.1478,19.6078,19.0065,19.0555,19.0555,2018210.2171721
2011-07-29,18.9094,19.0555,18.6632,18.7917,18.7917,2141434.1387498
2011-08-01,19.0351,19.0869,18.5171,18.622,18.622,1836396.1081746
2011-08-02,18.5661,18.6083,18.2522,18.2611,18.2611,2130103.5081079
2011-08-03,18.3228,18.5808,18.1963,18.5456,18.5456,2812001.7393214
2011-08-04,18.3161,18.4082,17.957,17.9707,17.9707,2958396.6680276
2011-08-05,18.1454,18.1826,17.4164,17.8579,17.8579,3792128.8161131
2011-08-08,17.6225,17.7745,16.5298,16.5367,16.5367,5816663.9597296
2011-08-09,16.78,17.5234,16.264,17.5057,17.5057,6766758.8503196
2011-08-10,17.1929,17.3017,16.4974,16.523,16.523,5939081.4633806
2011-08-11,16.6907,17.8942,16.6142,17.6225,17.6225,3551890.6968413
2011-08-12,17.9059,17.959,17.3763,17.5431,17.5431,2355551.8614341
2011-08-15,17.7088,18.211,17.7088,18.1895,18.1895,1971437.9774218
2011-08-16,18.0316,18.3542,17.9216,18.0993,18.0993,1947241.3616532
2011-08-17,18.211,18.4376,18.0609,18.1601,18.1601,1647419.0505638
2011-08-18,17.7481,17.8039,17.493,17.6804,17.6804,3572363.1094666
2011-08-19,17.6519,17.959,17.4636,17.5931,17.5931,3126140.7722125
2011-08-22,17.953,18.1826,17.4322,17.4852,17.4852,2481505.9817574
2011-08-23,17.4999,18.1521,17.4117,18.1521,18.1521,2487779.9336171
2011-08-24,18.0737,18.6367,18.0316,18.5965,18.5965,2099264.9039795
2011-08-25,18.7505,18.883,18.0011,18.217,18.217,2512399.6384371
2011-08-26,18.0384,18.5043,17.7696,18.2817,18.2817,1964481.9856215
2011-08-29,18.6299,18.9987,18.5661,18.9918,18.9918,1379438.5234256
2011-08-30,18.9526,19.0683,18.6426,18.9291,18.9291,1616494.8091333
2011-08-31,18.9124,19.293,18.9124,19.1988,19.1988,2390391.9704455
2011-09-01,19.2332,19.2489,18.8554,18.8554,18.8554,1792679.285019
2011-09-02,18.5299,18.8045,18.4592,18.4866,18.4866,1769783.5406467
2011-09-06,17.9343,18.267,17.8844,18.2454,18.2454,1765554.6891169
2011-09-07,18.5456,19.1478,18.5092,19.1252,19.1252,1829610.3714866
2011-09-08,18.9221,19.2232,18.8183,18.8741,18.8741,4231093.3920268
2011-09-09,18.722,18.8457,18.364,18.4818,18.4818,4024327.2239184
2011-09-12,18.267,18.6309,18.1326,18.623,18.623,6637087.6632949
2011-09-13,18.6986,18.8534,18.5171,18.6789,18.6789,1588268.1427144
2011-09-14,18.728,18.9987,18.3876,18.8026,18.8026,2154759.9146287
2011-09-15,18.9271,19.0438,18.7466,19.0438,19.0438,1823559.6883068
2011-09-16,19.0958,19.2645,18.9585,19.1399,19.1399,2858241.8044097
2011-09-19,18.8663,18.9516,18.6309,18.7623,18.7623,2444773.6961694
2011-09-20,18.8534,19.1791,18.722,19.0615,19.0615,2361284.4632065
2011-09-21,19.0693,19.0693,18.0688,18.0796,18.0796,2803495.1006608
2011-09-22,17.6696,17.9707,17.5499,17.7863,17.7863,3584151.4918772
2011-09-23,17.7432,17.8608,17.5784,17.7589,17.7589,1939973.4053958
2011-09-26,17.9472,18.3346,17.8128,18.3161,18.3161,4071168.7891036
2011-09-27,18.6377,18.881,18.3797,18.5328,18.5328,2351351.5556717
2011-09-28,18.5593,18.6377,18.0521,18.0737,18.0737,1706599.5236721
2011-09-29,18.4975,18.728,18.2257,18.6916,18.6916,2524667.181942
2011-09-30,18.4906,18.7476,18.3689,18.3689,18.3689,2065029.3535402
2011-10-03,18.2817,18.5171,17.4842,17.4842,17.4842,3163825.2630389
2011-10-04,17.3646,18.1973,17.2096,18.1698,18.1698,4353784.1194505
2011-10-05,18.2522,18.8026,18.0737,18.6849,18.6849,3387473.1940406
2011-10-06,18.6563,18.9663,18.4631,18.8457,18.8457,2959916.7301374
2011-10-07,18.9094,18.9221,18.3425,18.3425,18.3425,3209414.8924289
2011-10-10,18.7339,18.9221,18.6377,18.881,18.881,2707399.852952
2011-10-11,18.7917,18.9221,18.4818,18.4896,18.4896,2813361.7412359
2011-10-12,18.6015,18.7339,18.4131,18.5043,18.5043,3869318.6099241
2011-10-13,18.4131,18.5533,18.1473,18.4818,18.4818,1870198.3746457
2011-10-14,18.6632,18.7073,18.364,18.623,18.623,1547291.7132213
2011-10-17,18.4356,18.5239,17.9266,17.9707,17.9707,2336306.9168035
2011-10-18,18.0306,18.9271,18.0306,18.8103,18.8103,2649425.4385129
2011-10-19,18.7623,19.188,18.6377,18.9349,18.9349,2588553.6286909
2011-10-20,19.0203,19.2232,18.8103,19.1556,19.1556,2269584.2441731
2011-10-21,19.39,19.9412,19.3489,19.9265,19.9265,3204845.5306746
2011-10-24,19.7864,20.3856,19.4675,20.3611,20.3611,2251429.1361589
2011-10-25,20.2071,20.2395,19.753,19.8178,19.8178,2152195.8930286
2011-10-26,20.159,20.318,19.9629,20.2209,20.2209,1852435.7709322
2011-10-27,20.8653,21.2587,20.7055,21.1595,21.1595,2615608.8991581
2011-10-28,21.031,21.1076,20.059,20.5131,20.5131,2918759.8506152
2011-10-31,20.3307,20.4818,20.0806,20.1934,20.1934,2327596.3798047
2011-11-01,19.4253,19.8717,19.3195,19.3547,19.3547,2686537.9945011
2011-11-02,19.7324,19.9845,19.601,19.8923,19.8923,1800116.476897
2011-11-03,20.1503,20.5318,19.8599,20.4337,20.4337,2630372.1583199
2011-11-04,20.2317,20.4906,20.1503,20.3827,20.3827,1484359.5106941
2011-11-07,20.3543,20.4867,20.0668,20.4023,20.4023,1305499.888614
2011-11-08,20.5288,20.6161,20.1718,20.5848,20.5848,1595162.9650134
2011-11-09,20.0393,20.1296,19.6284,19.7598,19.7598,2360804.2826206
2011-11-10,19.9011,20.1856,19.9011,20.0492,20.0492,1415797.675055
2011-11-11,20.3808,20.4867,20.2778,20.417,20.417,1004608.1307418
2011-11-14,20.3101,20.3856,20.1296,20.214,20.214,1197667.2330791
2011-11-15,20.2552,20.4867,20.0757,20.3257,20.3257,1193023.4484316
2011-11-16,20.1356,20.2326,19.8579,19.8991,19.8991,1639576.1009932
2011-11-17,19.8854,20.1679,19.753,19.8392,19.8392,2317340.2934041
2011-11-18,19.9551,20.1718,19.8315,20.0393,20.0393,2071282.9155661
2011-11-21,19.7598,19.8098,19.3675,19.5107,19.5107,2220023.6946508
2011-11-22,19.5107,19.6491,19.4048,19.549,19.549,1797246.6077899
2011-11-23,19.3832,19.438,19.0438,19.0438,19.0438,1169602.665839
2011-11-25,19.0331,19.3842,19.0241,19.1723,19.1723,518499.20061118
2011-11-28,19.6892,19.7392,19.549,19.698,19.698,1408419.6136951
2011-11-29,19.753,19.7864,19.5696,19.6078,19.6078,1221865.8878311
2011-11-30,20.0806,20.7142,20.0345,20.6878,20.6878,2313599.7783937
2011-12-01,20.5985,20.6446,20.0237,20.2326,20.2326,2025476.1344462
2011-12-02,20.4514,20.4827,20.1199,20.1767,20.1767,1721772.6184933
2011-12-05,20.5054,20.6161,20.2778,20.4641,20.4641,1718552.0442447
2011-12-06,20.4514,20.827,20.3484,20.6809,20.6809,1654956.1526273
2011-12-07,20.8339,21.0262,20.5966,20.7633,20.7633,5034839.2310365
2011-12-08,20.6603,20.7279,20.311,20.3484,20.3484,5960363.3524077
2011-12-09,20.4945,20.7496,20.419,20.7035,20.7035,5614774.0203742
2011-12-12,20.5171,20.5877,20.3611,20.5739,20.5739,6250193.6254441
2011-12-13,20.6682,20.928,20.3738,20.5318,20.5318,2238674.2756263
2011-12-14,20.4387,20.878,20.4111,20.6348,20.6348,1905863.2524344
2011-12-15,20.8977,20.9046,20.6888,20.8427,20.8427,1678676.6657768
2011-12-16,20.9046,21.0467,20.8222,20.9203,20.9203,3433060.7844472
2011-12-19,20.9761,21.0105,20.5378,20.5966,20.5966,1721010.0387091
2011-12-20,20.8899,21.2498,20.8899,21.1978,21.1978,1697300.7399683
2011-12-21,21.2067,21.3391,21.0684,21.3038,21.3038,1252550.5487145
2011-12-22,21.3254,21.5509,21.2959,21.4734,21.4734,1376602.2975443
2011-12-23,21.5774,21.6363,21.4616,21.6117,21.6117,1111547.7115562
2011-12-27,21.5774,21.7461,21.5186,21.6274,21.6274,754061.9309931
2011-12-28,21.599,21.6784,21.4549,21.4999,21.4999,1128771.0041658
2011-12-29,21.6196,21.7756,21.5637,21.7256,21.7256,723791.18373591
2011-12-30,21.654,21.7314,21.5392,21.546,21.546,869275.70636299
2012-01-03,21.9609,22.0629,21.6196,21.643,21.643,1434296.3517687
2012-01-04,21.6274,21.6274,21.4616,21.5343,21.5343,1425175.9791107
2012-01-05,21.4793,21.8561,21.2577,21.8413,21.8413,1467658.1978297
2012-01-06,21.8873,21.9609,21.6716,21.6892,21.6892,1513275.3534953
2012-01-09,21.7461,21.9452,21.6657,21.8873,21.8873,1140842.8052662
2012-01-10,22.1375,22.2003,22.0168,22.1512,22.1512,1223885.5008689
2012-01-11,22.0865,22.2435,21.9305,22.2356,22.2356,1182721.4849049
2012-01-12,22.262,22.2837,21.9815,22.2562,22.2562,1124320.9229393
2012-01-13,22.0385,22.1453,21.8618,22.1013,22.1013,1096269.6090911
2012-01-17,22.3473,22.4916,22.1335,22.1552,22.1552,1010753.6266486
2012-01-18,22.1512,22.5397,22.0385,22.5397,22.5397,1358454.325972
2012-01-19,22.5808,22.8879,22.5083,22.6465,22.6465,1616575.3489769
2012-01-20,22.5122,23.133,22.5122,23.0222,23.0222,1828138.2254862
2012-01-23,22.9752,23.14,22.8791,22.982,22.982,768663.09097618
2012-01-24,22.8163,23.0222,22.6887,22.9369,22.9369,1095810.8378306
2012-01-25,22.9369,23.1625,22.8359,23.1477,23.1477,1180453.1158948
2012-01-26,23.2223,23.4097,23.1704,23.395,23.395,1325369.7816506
2012-01-27,23.2096,23.3636,23.0497,23.292,23.292,1329656.7442068
2012-01-30,23.1625,23.2096,22.9369,23.1046,23.1046,833238.71410759
2012-01-31,23.1929,23.2734,22.8605,23.1116,23.1116,1503176.2688151
2012-02-01,23.3155,23.6519,23.292,23.4852,23.4852,1322520.3023773
2012-02-02,23.5284,23.601,23.3234,23.3725,23.3725,1384929.5056676
2012-02-03,23.5931,23.7629,23.345,23.6295,23.6295,2237969.8068685
2012-02-06,23.4254,23.5362,23.3312,23.4097,23.4097,1591852.6754961
2012-02-07,23.345,23.7629,23.3312,23.6589,23.6589,1324955.8680245
2012-02-08,23.6088,23.7629,23.4745,23.6589,23.6589,2132077.2440196
2012-02-09,23.6638,24.316,23.6432,24.2493,24.2493,2198660.2462885
2012-02-10,24.0511,24.5092,23.8952,24.3582,24.3582,1629491.2891965
2012-02-13,24.4926,24.6044,24.3789,24.4995,24.4995,927960.70651002
2012-02-14,24.4259,24.6691,24.2356,24.6348,24.6348,1473084.9520952
2012-02-15,24.7035,24.7524,24.5279,24.6044,24.6044,1505674.0234552
2012-02-16,24.5623,25.1351,24.5623,25.0782,25.0782,1586045.6508304
2012-02-17,25.1056,25.3204,25.0782,25.2606,25.2606,1107032.3828616
2012-02-21,25.3204,25.4597,25.0988,25.4597,25.4597,1377145.686615
2012-02-22,25.4657,25.4971,25.0782,25.1693,25.1693,1178105.2265329
2012-02-23,25.1351,25.4264,25.1056,25.3597,25.3597,1278524.1384987
2012-02-24,25.4587,25.4587,25.196,25.2969,25.2969,1421798.403142
2012-02-27,25.0841,25.3881,24.9448,25.2253,25.2253,1355895.4018303
2012-02-28,25.1419,25.2547,24.9174,25.0556,25.0556,1573414.1487922
2012-02-29,25.1419,25.1566,24.8085,24.8732,24.8732,2208805.2080949
2012-03-01,24.8732,25.1243,24.7387,24.7681,24.7681,2610713.3000631
2012-03-02,24.6437,24.6437,24.2582,24.3995,24.3995,3830517.7756973
2012-03-05,24.316,25.0243,24.2944,24.9516,24.9516,2814647.3202569
2012-03-06,24.7143,24.7918,24.3652,24.4102,24.4102,1372004.3900227
2012-03-07,24.6133,24.679,24.3298,24.573,24.573,2177236.6479165
2012-03-08,24.6377,24.8438,24.4867,24.7084,24.7084,4520990.9515148
2012-03-09,24.7791,24.8644,24.7015,24.7791,24.7791,4016126.4327647
2012-03-12,24.8153,24.9635,24.7369,24.829,24.829,3996656.1804705
2012-03-13,24.9369,25.3804,24.8644,25.3804,25.3804,1600972.0286625
2012-03-14,25.3734,25.3804,25.0919,25.1449,25.1449,1440645.7460136
2012-03-15,25.1793,25.4715,25.0576,25.445,25.445,1156086.245014
2012-03-16,25.4587,25.4715,25.0792,25.137,25.137,1918361.201061
2012-03-19,25.1175,25.2292,25.0341,25.1175,25.1175,1222273.6845072
2012-03-20,24.9555,25.2733,24.9555,25.1713,25.1713,784160.3841547
2012-03-21,25.1793,25.3351,25.086,25.1076,25.1076,866775.91273929
2012-03-22,24.9555,24.9712,24.8075,24.8644,24.8644,954225.87091751
2012-03-23,24.7858,24.9859,24.7221,24.8801,24.8801,964507.44461038
2012-03-26,25.0998,25.3234,25.0576,25.2586,25.2586,1072455.3027062
2012-03-27,25.3234,25.3734,25.196,25.2087,25.2087,712199.56322148
2012-03-28,25.1656,25.3116,25.0252,25.1322,25.1322,1598739.3418616
2012-03-29,24.9369,25.0488,24.7015,24.8644,24.8644,1483913.9928256
2012-03-30,25.0252,25.038,24.6731,24.6868,24.6868,1930843.8573125
2012-04-02,24.5573,25.0723,24.5102,24.8938,24.8938,1650157.4052428
2012-04-03,24.8232,25.038,24.6731,24.9859,24.9859,1742565.1515092
2012-04-04,24.7918,24.8712,24.5358,24.6437,24.6437,1734390.8671394
2012-04-05,24.4867,24.5573,24.3789,24.5024,24.5024,1141707.3342193
2012-04-09,24.1807,24.1807,23.9208,24.0492,24.0492,1367476.8274277
2012-04-10,23.9374,24.0404,23.6499,23.6579,23.6579,1741063.4402499
2012-04-11,23.9129,23.9874,23.8236,23.956,23.956,1545638.0977003
2012-04-12,23.9374,24.3455,23.8177,24.3455,24.3455,1220400.8782728
2012-04-13,24.2836,24.5171,24.2052,24.2258,24.2258,2182126.1300613
2012-04-16,24.4269,24.6064,24.3955,24.5102,24.5102,1858748.4634762
2012-04-17,24.7015,24.8153,24.4936,24.7654,24.7654,1465115.5855551
2012-04-18,24.679,24.7791,24.579,24.5917,24.5917,1315808.9885826
2012-04-19,24.6133,24.8438,24.5279,24.579,24.579,1628594.1365093
2012-04-20,24.6868,24.8438,24.6201,24.7711,24.7711,1469212.9226569
2012-04-23,24.4436,24.5917,24.3298,24.472,24.472,1206602.0582496
2012-04-24,24.5279,24.8712,24.5229,24.8075,24.8075,1051226.4272469
2012-04-25,24.9859,25.3234,24.9164,25.3038,25.3038,1477597.2223149
2012-04-26,25.196,25.5942,25.1076,25.5677,25.5677,1393250.5968407
2012-04-27,25.7354,25.7422,25.3931,25.6079,25.6079,963775.44957702
2012-04-30,25.5795,25.6834,25.4382,25.502,25.502,831672.77487187
2012-05-01,25.4961,25.9316,25.4794,25.7422,25.7422,987129.96520977
2012-05-02,25.5942,25.804,25.4637,25.7236,25.7236,1073415.663878
2012-05-03,25.8188,26.1434,25.7815,26.0149,26.0149,1806825.7517085
2012-05-04,25.8933,25.9953,25.7942,25.8609,25.8609,1023311.7252851
2012-05-07,25.8188,25.9679,25.7354,25.7883,25.7883,924501.57120612
2012-05-08,25.6892,25.8188,25.5677,25.7883,25.7883,945894.58482745
2012-05-09,25.4794,25.6834,25.4313,25.5677,25.5677,1057634.9520098
2012-05-10,25.8109,25.9316,25.7511,25.8659,25.8659,783782.15273773
2012-05-11,25.6608,25.9953,25.5461,25.8109,25.8109,835361.29580601
2012-05-14,25.5147,25.5942,25.3234,25.4382,25.4382,1019388.7212624
2012-05-15,25.4382,25.6294,25.3351,25.4176,25.4176,900960.48859411
2012-05-16,25.5677,25.5677,25.2027,25.2155,25.2155,927992.31075241
2012-05-17,25.3303,25.3351,24.7711,24.7791,24.7791,745303.47788497
2012-05-18,24.8869,24.8869,24.3995,24.4798,24.4798,1428651.4262816
2012-05-21,24.5573,24.829,24.3729,24.8232,24.8232,1012649.881192
2012-05-22,24.9301,25.137,24.8438,25.0488,25.0488,1087546.8381921
2012-05-23,24.9369,25.342,24.8075,25.3116,25.3116,1318429.0822256
2012-05-24,25.3804,25.4961,25.2027,25.4961,25.4961,791017.48526112
2012-05-25,25.4891,25.6608,25.4382,25.5078,25.5078,987748.79666556
2012-05-29,25.6892,25.7726,25.5215,25.7726,25.7726,568075.04250876
2012-05-30,25.5598,25.6226,25.3234,25.4382,25.4382,862505.26205021
2012-05-31,25.3734,25.9992,25.2969,25.8109,25.8109,1942977.847406
2012-06-01,25.4255,25.5618,25.0527,25.1419,25.1419,1292649.1958625
2012-06-04,25.2214,25.2733,24.9085,25.0341,25.0341,869370.51909015
2012-06-05,24.9977,25.2871,24.9321,25.2194,25.2194,852371.51465237
2012-06-06,25.3293,25.8845,25.3293,25.8845,25.8845,1006472.7810427
2012-06-07,26.1984,26.2925,25.9384,25.9816,25.9816,5146192.1913767
2012-06-08,25.9669,26.27,25.7638,26.2621,26.2621,3386156.0107773
2012-06-11,26.3818,26.4612,25.8726,25.8863,25.8863,3585285.1666364
2012-06-12,25.959,26.214,25.8355,26.2062,26.2062,810611.09604974
2012-06-13,26.1101,26.1523,25.8158,25.8845,25.8845,1913086.3510574
2012-06-14,26.0238,26.1974,25.9482,26.068,26.068,1937674.451635
2012-06-15,26.068,26.2778,25.9816,26.2062,26.2062,2120242.984483
2012-06-18,26.0542,26.681,26.0473,26.6309,26.6309,1822407.6626972
2012-06-19,26.6673,27.1518,26.6309,27.0782,27.0782,1386614.725431
2012-06-20,27.1018,27.2587,26.8771,26.9694,26.9694,1224219.8941432
2012-06-21,27.0566,27.2312,26.4348,26.4505,26.4505,853544.94958748
2012-06-22,26.5602,26.8124,26.5387,26.6868,26.6868,1037894.5344179
2012-06-25,26.371,26.5515,26.27,26.4662,26.4662,1101472.0751847
2012-06-26,26.573,26.834,26.4995,26.775,26.775,1173593.975805
2012-06-27,26.8408,26.8997,26.7172,26.7486,26.7486,1957810.4320027
2012-06-28,26.6103,26.8487,26.4348,26.834,26.834,1474052.449709
2012-06-29,27.392,27.5716,27.2459,27.5363,27.5363,2391376.7994179
2012-07-02,27.6746,27.8531,27.4774,27.7315,27.7315,1479345.6505631
2012-07-03,27.6373,27.7903,27.5716,27.7903,27.7903,540029.84561067
2012-07-05,27.6932,27.7384,27.4195,27.5441,27.5441,879461.447837
2012-07-06,27.2116,27.6295,27.1253,27.5794,27.5794,1131260.6028726
2012-07-09,27.551,27.652,27.3783,27.5078,27.5078,965266.96591938
2012-07-10,27.5911,27.6589,27.3783,27.4676,27.4676,1072129.0653654
2012-07-11,27.4833,27.5794,27.3254,27.4921,27.4921,1494883.7234091
2012-07-12,27.2587,27.4411,27.1645,27.291,27.291,1260565.7923806
2012-07-13,27.2116,27.6148,27.1448,27.5716,27.5716,1565789.3704434
2012-07-16,27.4774,27.4774,26.9938,27.2655,27.2655,1588996.0597811
2012-07-17,27.3539,27.4559,26.9125,27.2832,27.2832,2075088.6780446
2012-07-18,27.1331,27.3863,27.1018,27.2734,27.2734,1423793.5483791
2012-07-19,27.4058,27.4058,26.9694,27.2391,27.2391,1408778.4747699
2012-07-20,27.0782,27.3126,26.8487,26.9291,26.9291,8148618.6665088
2012-07-23,26.4269,26.9861,26.4014,26.8908,26.8908,1045243.0305188
2012-07-24,26.9438,26.9576,26.6015,26.834,26.834,929777.44070147
2012-07-25,26.9438,27.0724,26.6868,26.834,26.834,790153.97579975
2012-07-26,27.1812,27.4676,27.1018,27.1742,27.1742,1110314.1266115
2012-07-27,27.5794,27.8286,27.3254,27.5206,27.5206,1889979.5719053
2012-07-30,27.551,27.8286,27.5078,27.7246,27.7246,939908.12962424
2012-07-31,27.6295,27.6657,27.2832,27.3696,27.3696,1124578.8543369
2012-08-01,27.447,27.5441,27.0439,27.1253,27.1253,958517.93093208
2012-08-02,27.038,27.1253,26.834,27.1253,27.1253,991860.40665102
2012-08-03,27.4254,27.7452,27.4,27.6589,27.6589,1027246.9632083
2012-08-06,27.7384,27.8079,27.4,27.4333,27.4333,613497.47526159
2012-08-07,27.447,27.6148,27.3539,27.551,27.551,837638.8402413
2012-08-08,27.4058,27.6657,27.3606,27.6373,27.6373,804251.50688801
2012-08-09,27.5991,27.7178,27.4921,27.6148,27.6148,709834.34250086
2012-08-10,27.501,27.7079,27.4254,27.6932,27.6932,546028.53471417
2012-08-13,27.6864,27.7755,27.447,27.7079,27.7079,608440.79647957
2012-08-14,27.7688,27.9689,27.7384,27.8031,27.8031,586017.07675971
2012-08-15,27.7688,28.013,27.7384,27.9256,27.9256,643053.55884414
2012-08-16,27.9149,28.3965,27.861,28.3965,28.3965,1124943.8323618
2012-08-17,28.3573,28.628,28.267,28.5936,28.5936,1038293.1556685
2012-08-20,28.5711,28.6505,28.4269,28.6349,28.6349,1055985.4144555
2012-08-21,28.6575,28.8437,28.2386,28.273,28.273,1175420.9049133
2012-08-22,28.2464,28.3338,28.0434,28.263,28.263,927604.90391024
2012-08-23,28.2386,28.2553,28.0719,28.1062,28.1062,638031.54277958
2012-08-24,28.0582,28.3504,27.9689,28.2807,28.2807,599868.91035069
2012-08-27,28.263,28.3445,28.0434,28.0719,28.0719,696091.5945207
2012-08-28,28.0434,28.263,27.8923,28.0924,28.0924,758311.17235669
2012-08-29,27.96,28.0719,27.5754,27.8845,27.8845,1314109.4959353
2012-08-30,27.7755,27.9689,27.6295,27.8688,27.8688,947435.03677093
2012-08-31,27.9826,28.1062,27.8443,27.96,27.96,1046812.0282296
2012-09-04,28.0198,28.1297,27.8187,28.0719,28.0719,1042094.8401803
2012-09-05,28.0365,28.1003,27.8923,28.0042,28.0042,1003635.5356696
2012-09-06,28.2553,28.3818,28.1856,28.3101,28.3101,1194020.5113042
2012-09-07,28.3161,28.3445,27.9571,27.9963,27.9963,1290556.1794231
2012-09-10,27.9826,28.0924,27.8374,27.9385,27.9385,872681.82809902
2012-09-11,27.9012,28.3161,27.9012,28.3034,28.3034,933079.57428512
2012-09-12,28.3887,28.4122,28.2553,28.3651,28.3651,845894.68394629
2012-09-13,28.4338,28.8437,28.3298,28.8173,28.8173,996388.98873765
2012-09-14,28.7585,29.09,28.7585,28.8497,28.8497,1180027.9878601
2012-09-17,28.9448,29.2234,28.8222,28.9017,28.9017,1092843.0975212
2012-09-18,28.9958,28.9958,28.8085,28.889,28.889,1076921.6957997
2012-09-19,28.884,29.0204,28.6956,28.6996,28.6996,931019.18157979
2012-09-20,28.5202,28.7859,28.3828,28.5348,28.5348,1286711.6762604
2012-09-21,28.6899,28.7555,28.2877,28.5584,28.5584,4792654.9021286
2012-09-24,28.3897,28.5652,28.2797,28.3376,28.3376,1057819.4800057
2012-09-25,28.4347,28.5397,27.9904,28.0003,28.0003,949145.74382662
2012-09-26,28.0395,28.1493,27.5991,27.6226,27.6226,1091969.3931431
2012-09-27,27.7098,27.9228,27.4539,27.7471,27.7471,1904427.8081349
2012-09-28,27.5284,27.7618,27.4107,27.6746,27.6746,1436808.3792927
2012-10-01,27.9345,27.9728,27.6059,27.653,27.653,1180529.5777715
2012-10-02,27.7855,27.8168,27.4911,27.6481,27.6481,999917.44947648
2012-10-03,27.652,27.9042,27.5657,27.7394,27.7394,996537.83452438
2012-10-04,27.8708,28.1984,27.7972,28.1346,28.1346,850027.70325723
2012-10-05,28.0611,28.4602,28.0611,28.2877,28.2877,563110.11797883
2012-10-08,28.2131,28.3533,28.163,28.2797,28.2797,584131.01713335
2012-10-09,28.3101,28.3514,28.0689,28.0896,28.0896,711901.87164801
2012-10-10,27.9875,28.2954,27.9875,28.1277,28.1277,586488.08192046
2012-10-11,28.3161,28.42,28.1984,28.2543,28.2543,714044.84318024
2012-10-12,28.2455,28.3828,27.9404,28.0611,28.0611,659039.18854213
2012-10-15,27.9179,28.2877,27.9179,28.2455,28.2455,845982.36023163
2012-10-16,28.4641,28.6152,28.3573,28.5397,28.5397,698817.71529956
2012-10-17,28.6456,28.8487,28.5358,28.8085,28.8085,849202.9344801
2012-10-18,28.829,29.1664,28.7555,29.1047,29.1047,980244.31833603
2012-10-19,29.0105,29.0811,28.6899,28.884,28.884,1428874.6949617
2012-10-22,28.7378,28.9958,28.6603,28.9516,28.9516,833944.20235702
2012-10-23,28.6899,28.9095,28.4975,28.8222,28.8222,826839.36476994
2012-10-24,28.9017,28.988,28.7937,28.8369,28.8369,733783.22178883
2012-10-25,29.0733,29.2145,29.0047,29.1871,29.1871,1114688.7654529
2012-10-26,29.2292,29.7423,29.0743,29.6786,29.6786,1601529.6906169
2012-10-31,27.0085,29.602,27.0085,29.1115,29.1115,1959808.6357149
2012-11-01,29.1047,29.2577,28.9311,29.0615,29.0615,941008.16115766
2012-11-02,29.2724,29.2724,28.5348,28.5397,28.5397,1994727.2455864
2012-11-05,28.42,28.779,28.2219,28.6682,28.6682,812161.74291012
2012-11-06,28.6956,29.1664,28.6899,29.1204,29.1204,1079298.130929
2012-11-07,29.0047,29.0047,28.2219,28.5348,28.5348,924322.1406687
2012-11-08,28.375,28.8222,28.375,28.4848,28.4848,981691.99653573
2012-11-09,28.5259,28.7378,28.3975,28.5741,28.5741,1048390.2013656
2012-11-12,28.5908,28.5956,28.2072,28.3975,28.3975,1038549.0480828
2012-11-13,28.3514,28.6015,28.0896,28.1033,28.1033,840755.42633739
2012-11-14,28.267,28.4925,27.6746,27.7255,27.7255,814204.80425672
2012-11-15,27.8472,28.2033,27.7394,27.9943,27.9943,804512.49676063
2012-11-16,28.0836,29.0105,27.7855,28.5908,28.5908,2831055.0195145
2012-11-19,28.8693,29.0047,28.7555,28.9596,28.9596,1128575.2617614
2012-11-20,28.9763,29.1664,28.8163,29.1507,29.1507,915488.24517551
2012-11-21,29.0615,29.2068,28.9095,29.1507,29.1507,599590.58911935
2012-11-23,29.3745,29.4627,29.1057,29.4627,29.4627,361758.47023566
2012-11-26,29.1744,29.4411,29.1342,29.3185,29.3185,855686.90162801
2012-11-27,29.3333,29.4755,29.1115,29.2577,29.2577,1059368.0878827
2012-11-28,29.1597,29.5167,29.0047,29.501,29.501,513236.5845078
2012-11-29,29.602,29.6687,29.3244,29.5539,29.5539,852965.87830759
2012-11-30,29.6167,29.6786,29.4303,29.609,29.609,1401582.9024225
2012-12-03,29.7707,29.7707,29.4578,29.5392,29.5392,815170.26288708
2012-12-04,29.609,29.7423,29.449,29.5392,29.5392,691327.50985368
2012-12-05,29.596,29.6913,29.4059,29.596,29.596,885949.49295168
2012-12-06,29.596,29.758,29.5226,29.6786,29.6786,709857.79080973
2012-12-07,29.7423,29.7914,29.2959,29.596,29.596,922037.45979157
2012-12-10,29.7707,29.8276,29.3685,29.6511,29.6511,1273785.5411239
2012-12-11,29.8365,29.8531,29.5226,29.6913,29.6913,1110842.2233068
2012-12-12,29.7501,29.9325,29.6246,29.6511,29.6511,831236.43242858
2012-12-13,29.5599,29.6913,29.0948,29.1342,29.1342,3172203.4457466
2012-12-14,29.1342,29.1744,28.7937,28.9516,28.9516,1506273.4845689
2012-12-17,29.1342,29.4373,29.0096,29.2911,29.2911,1599712.9564255
2012-12-18,29.3922,29.6344,29.3058,29.6147,29.6147,1945010.7138358
2012-12-19,29.705,29.7638,29.4647,29.4794,29.4794,1076538.3669243
2012-12-20,29.9101,29.9101,29.4725,29.6265,29.6265,1425689.8029225
2012-12-21,29.4539,29.5353,29.0801,29.2469,29.2469,5742949.6130897
2012-12-24,29.1998,29.3775,29.09,29.1507,29.1507,450193.25738634
2012-12-26,29.143,29.2587,28.9066,29.0096,29.0096,782505.74914195
2012-12-27,29.0547,29.1597,28.4868,28.8604,28.8604,1242889.8454608
2012-12-28,28.7133,28.8252,28.4721,28.4721,28.4721,1055030.1507421
2012-12-31,28.5279,28.9232,28.3573,28.9144,28.9144,1446435.4393207
2013-01-02,29.4647,29.4647,29.2381,29.4373,29.4373,1054137.0760217
2013-01-03,29.5117,29.5186,29.3362,29.4373,29.4373,857250.80188035
2013-01-04,29.55,29.8276,29.4333,29.7844,29.7844,998650.22130591
2013-01-07,29.7481,29.9178,29.6766,29.757,29.757,1436234.4054712
2013-01-08,29.6432,29.7981,29.5432,29.7481,29.7481,1461181.3671237
2013-01-09,29.6824,30.1111,29.5716,30.0728,30.0728,831373.04431503
2013-01-10,30.1993,30.4269,30.0788,30.4211,30.4211,1073828.5580125
2013-01-11,30.4623,30.4947,30.2504,30.4623,30.4623,692042.17352832
2013-01-14,30.3936,30.48,30.2896,30.4269,30.4269,918208.24900422
2013-01-15,30.3936,30.4269,30.1249,30.3023,30.3023,1494832.7488247
2013-01-16,30.1249,30.3936,30.066,30.2896,30.2896,684479.58417247
2013-01-17,30.3583,30.5819,30.2337,30.472,30.472,706225.34191853
2013-01-18,30.5104,30.7604,30.2239,30.73,30.73,2683909.7449246
2013-01-22,30.8262,33.5657,30.73,31.3225,31.3225,1194668.9080191
2013-01-23,31.2558,31.2911,31.0646,31.2754,31.2754,576709.11763072
2013-01-24,31.2558,31.5825,31.2489,31.3871,31.3871,621193.61802881
2013-01-25,31.3871,31.6186,31.2558,31.5892,31.5892,762722.51289899
2013-01-28,31.5755,31.6019,31.198,31.2165,31.2165,808367.19484023
2013-01-29,31.0959,31.5892,31.0959,31.5196,31.5196,801540.67848451
2013-01-30,31.6353,31.6353,31.298,31.3871,31.3871,675244.00895346
2013-01-31,31.4009,31.55,31.3146,31.3352,31.3352,1073651.1664584
2013-02-01,31.5755,32.1161,31.4892,32.1161,32.1161,997252.49819902
2013-02-04,32.0111,32.1004,31.7697,31.9924,31.9924,1105906.8640359
2013-02-05,32.2151,32.2798,32.0512,32.1366,32.1366,785161.5249942
2013-02-06,32.0188,32.4789,31.9797,32.4524,32.4524,974077.41310369
2013-02-07,34.6143,34.886,32.7545,32.784,32.784,1615959.5759961
2013-02-08,32.8556,33.0194,32.6418,32.9369,32.9369,851804.67727277
2013-02-11,32.8634,33.0056,32.7605,32.9292,32.9292,739123.31926066
2013-02-12,32.887,32.9821,32.784,32.9449,32.9449,892179.60666879
2013-02-13,32.8948,33.0125,32.8791,33.0125,33.0125,760365.44811189
2013-02-14,32.9222,33.0772,32.9135,32.9978,32.9978,920992.4808094
2013-02-15,33.0056,33.1096,32.8948,33.1096,33.1096,1410810.321708
2013-02-19,33.2186,33.3,33.1627,33.2705,33.2705,1282481.8052388
2013-02-20,33.0862,33.242,32.8497,32.8634,32.8634,1001083.7479698
2013-02-21,32.9449,33.1019,32.7311,32.9036,32.9036,913371.78042723
2013-02-22,33.1233,33.2509,33.0056,33.2263,33.2263,681690.25490885
2013-02-25,33.3274,33.397,32.4123,32.4289,32.4289,925405.86033507
2013-02-26,32.629,32.9821,32.5613,32.9449,32.9449,856729.8416268
2013-02-27,32.8723,33.242,32.8723,33.2186,33.2186,704634.93488225
2013-02-28,33.3,33.3793,33.1607,33.2323,33.2323,1005734.6690592
2013-03-01,33.1665,33.3519,32.784,33.3441,33.3441,818235.87439868
2013-03-04,33.1949,33.4254,33.1744,33.404,33.404,1362878.9199063
2013-03-05,33.5363,33.8236,33.4971,33.8071,33.8071,1625921.0292983
2013-03-06,33.9866,34.119,33.8236,34.015,34.015,1010125.6197677
2013-03-07,34.0817,34.2799,33.9787,34.1925,34.1925,727524.56230441
2013-03-08,34.3985,34.4064,34.0494,34.2091,34.2091,573527.28406646
2013-03-11,34.2308,34.3632,34.119,34.3573,34.3573,389358.14926525
2013-03-12,34.4132,34.4917,34.2857,34.4436,34.4436,556477.30504419
2013-03-13,34.4966,34.734,34.4064,34.6948,34.6948,655791.08801804
2013-03-14,34.8507,34.9605,34.7811,34.8213,34.8213,925119.38317021
2013-03-15,34.6859,34.8428,34.628,34.6859,34.6859,1594195.4673997
2013-03-18,34.1562,34.7801,34.1121,34.3878,34.3878,931735.8842378
2013-03-19,34.5212,34.5819,34.1297,34.3946,34.3946,582542.64908046
2013-03-20,34.5593,34.8046,34.4299,34.6398,34.6398,738113.00299595
2013-03-21,34.4623,34.6682,34.3211,34.4092,34.4092,630985.83571052
2013-03-22,34.4299,34.6682,33.9728,34.5299,34.5299,451006.81175489
2013-03-25,34.787,34.9154,34.4231,34.5663,34.5663,639839.10154581
2013-03-26,34.6467,34.9772,34.575,34.9684,34.9684,600976.07832595
2013-03-27,34.787,34.9528,34.6545,34.9234,34.9234,480613.86992194
2013-03-28,34.9311,35.2156,34.8713,35.1695,35.1695,904777.46548117
2013-04-01,35.2666,35.2754,34.9047,35.0959,35.0959,516312.39093629
2013-04-02,35.1253,35.4079,35.0802,35.4019,35.4019,862200.43403492
2013-04-03,35.4903,35.5207,35.1695,35.3254,35.3254,1088690.7078683
2013-04-04,35.453,35.6384,35.1763,35.4137,35.4137,640258.11263037
2013-04-05,34.9684,35.3049,34.835,35.2754,35.2754,816710.71483055
2013-04-08,35.349,35.602,35.1185,35.5932,35.5932,566861.84739775
2013-04-09,35.5344,35.6384,35.2529,35.4981,35.4981,902698.72192541
2013-04-10,35.506,36.0416,35.3049,36.0179,36.0179,1017100.9819101
2013-04-11,35.9964,36.5761,35.9601,36.5182,36.5182,1001172.4437468
2013-04-12,36.4437,36.6516,36.2867,36.3465,36.3465,855397.36598806
2013-04-15,36.2867,36.681,35.7796,35.7884,35.7884,1247094.22919
2013-04-16,35.9601,36.3622,35.86,36.325,36.325,752642.79856073
2013-04-17,35.9964,36.0954,35.3333,35.4903,35.4903,1195241.8623488
2013-04-18,35.609,35.609,34.7584,34.8654,34.8654,1002163.3896694
2013-04-19,35.0881,35.6766,34.8654,35.5137,35.5137,2458924.2408256
2013-04-22,35.5256,35.8188,35.2597,35.7355,35.7355,493004.77192127
2013-04-23,35.967,36.3367,35.9238,36.2504,36.2504,842477.34780167
2013-04-24,36.2337,36.4966,36.22,36.4505,36.4505,690408.94784107
2013-04-25,36.7026,36.7496,36.3367,36.4211,36.4211,557761.8645735
2013-04-26,36.5094,36.6006,35.659,35.8277,35.8277,938109.7462832
2013-04-29,35.8855,36.0503,35.7188,35.967,35.967,751630.44331264
2013-04-30,35.8452,36.4652,35.8218,36.4298,36.4298,950677.02034489
2013-05-01,36.2427,36.5241,35.9728,36.0111,36.0111,623598.59892534
2013-05-02,36.0994,36.2995,35.9797,36.2867,36.2867,511947.94701173
2013-05-03,36.6516,36.7782,36.5398,36.6879,36.6879,961127.82965829
2013-05-06,36.786,37.0302,36.5918,36.7929,36.7929,743307.3131561
2013-05-07,36.7349,36.8467,36.6585,36.7272,36.7272,765768.75406848
2013-05-08,36.6585,36.8467,36.6242,36.8467,36.8467,720218.88485442
2013-05-09,36.7929,36.8899,36.4505,36.5761,36.5761,550680.47529529
2013-05-10,36.6006,36.7272,36.4731,36.7272,36.7272,565220.46577697
2013-05-13,36.5918,36.943,36.4211,36.8664,36.8664,502452.4014118
2013-05-14,36.9507,37.6864,36.8664,37.401,37.401,1540230.7137769
2013-05-15,37.2235,37.5443,37.2235,37.504,37.504,848626.92167528
2013-05-16,37.5246,37.606,36.7272,36.7496,36.7496,1830970.3734009
2013-05-17,36.8017,37.1244,36.8017,36.989,36.989,923355.66254663
2013-05-20,36.9743,37.0302,36.5849,36.6438,36.6438,734587.60073219
2013-05-21,36.7272,36.8467,35.967,36.0503,36.0503,1812343.2407343
2013-05-22,36.1072,36.4966,35.5137,35.6766,35.6766,1871424.8231488
2013-05-23,35.4981,35.602,35.1401,35.5658,35.5658,989657.28510909
2013-05-24,35.3647,35.7071,35.1038,35.7001,35.7001,802141.15908987
2013-05-28,36.1219,36.2574,35.7188,35.8188,35.8188,819164.6313282
2013-05-29,35.6551,35.6766,35.2597,35.4079,35.4079,1001338.6208922
2013-05-30,35.4981,35.8522,35.4079,35.756,35.756,675966.82856161
2013-05-31,35.601,35.8443,35.2607,35.2607,35.2607,954614.29725137
2013-06-03,35.3549,35.3549,34.7664,35.1106,35.1106,1345500.6645598
2013-06-04,35.1989,35.1989,34.3662,34.4025,34.4025,1863638.9651127
2013-06-05,34.3445,34.4299,33.9306,33.9571,33.9571,1319033.6407977
2013-06-06,33.9659,34.2308,33.6452,34.2258,34.2258,1096063.6717698
2013-06-07,34.5369,34.7183,34.2553,34.6026,34.6026,1043681.1692498
2013-06-10,34.6928,34.6928,34.3878,34.626,34.626,909438.5814875
2013-06-11,34.3368,34.4544,33.8365,33.8963,33.8963,1465468.3296798
2013-06-12,34.1504,34.4995,33.9866,33.9943,33.9943,974377.14366053
2013-06-13,33.9149,34.5898,33.7962,34.5898,34.5898,645659.37960359
2013-06-14,34.6202,34.7664,34.374,34.3946,34.3946,1020305.2442916
2013-06-17,34.7036,35.2587,34.5898,35.1891,35.1891,1035696.5103343
2013-06-18,35.1586,35.4206,35.0469,35.3941,35.3941,765355.85993406
2013-06-19,35.2735,35.3774,34.7604,34.7674,34.7674,872018.13900888
2013-06-20,34.3995,34.6938,33.9806,34.0327,34.0327,1149749.0846694
2013-06-21,34.3034,34.3858,33.8826,34.115,34.115,1273287.0096874
2013-06-24,33.9159,33.9326,33.4628,33.6442,33.6442,1191920.358423
2013-06-25,33.9806,34.0464,33.6579,33.8532,33.8532,1062759.936735
2013-06-26,34.0846,34.5132,34.0601,34.2936,34.2936,786346.17433789
2013-06-27,34.3721,34.8536,34.3721,34.7604,34.7604,451362.61435468
2013-06-28,34.6467,34.8223,34.3965,34.5065,34.5065,2267711.4379386
2013-07-01,34.7457,35.0244,34.5976,34.9714,34.9714,1132060.9038492
2013-07-02,34.9428,35.1372,34.734,34.8144,34.8144,851605.87639325
2013-07-03,34.166,34.8674,34.166,34.8056,34.8056,290997.59102148
2013-07-05,35.0616,35.1235,34.7741,35.0469,35.0469,971507.27455339
2013-07-08,35.243,35.6707,34.9114,35.6177,35.6177,1167614.6570436
2013-07-09,35.9493,36.1975,35.6707,36.1416,36.1416,839616.65411975
2013-07-10,36.1592,36.4829,36.0159,36.4525,36.4525,1690851.4355379
2013-07-11,36.8811,36.9165,36.5957,36.6918,36.6918,987033.11349923
2013-07-12,36.5722,36.9871,36.5339,36.9557,36.9557,860330.68627561
2013-07-15,37.1793,37.1793,36.9096,37.1234,37.1234,841876.86719631
2013-07-16,37.2499,37.2853,36.6623,36.8066,36.8066,1019278.6161599
2013-07-17,36.9949,37.2117,36.7467,36.8517,36.8517,658821.01732049
2013-07-18,36.941,37.3157,36.9253,37.2853,37.2853,726713.04691922
2013-07-19,37.2853,37.3559,37.0293,37.2332,37.2332,3904242.317254
2013-07-22,37.1469,37.5775,37.1234,37.5707,37.5707,754054.79455127
2013-07-23,37.5707,37.5707,37.0577,37.2117,37.2117,1033248.7107867
2013-07-24,37.2764,37.3755,36.4662,36.579,36.579,845917.11276347
2013-07-25,36.3927,36.7693,36.2985,36.7399,36.7399,626129.99679142
2013-07-26,36.7752,37.0498,36.4151,36.9096,36.9096,765913.52188846
2013-07-29,36.8949,36.9949,36.731,36.8949,36.8949,648314.13596414
2013-07-30,37.1725,37.2185,36.6683,36.7693,36.7693,632434.5334019
2013-07-31,36.941,37.0018,36.6466,36.8272,36.8272,803215.70333105
2013-08-01,37.0577,37.554,37.0577,37.5148,37.5148,688791.01452916
2013-08-02,37.4422,37.5148,37.2244,37.3755,37.3755,627554.22668225
2013-08-05,37.2941,37.3255,36.7977,36.9096,36.9096,716288.74438977
2013-08-06,36.8949,36.9949,36.4583,36.6339,36.6339,923534.07359237
2013-08-07,36.5271,36.5859,36.2327,36.4829,36.4829,472023.63294265
2013-08-08,36.5957,36.731,36.3779,36.6182,36.6182,405922.85024312
2013-08-09,36.5859,36.7399,36.322,36.5653,36.5653,394388.32126333
2013-08-12,36.3171,36.6623,36.0974,36.4662,36.4662,296434.54020384
2013-08-13,36.3632,36.7615,36.1965,36.6339,36.6339,619765.31017123
2013-08-14,36.5428,36.7752,36.4525,36.7467,36.7467,446411.96270841
2013-08-15,36.3377,36.4455,35.7639,35.8816,35.8816,638170.19364941
2013-08-16,35.7679,36.1062,35.6785,35.8895,35.8895,623927.89474118
2013-08-19,35.8953,35.9935,35.453,35.4598,35.4598,435715.45589774
2013-08-20,35.5147,35.8061,35.3097,35.6874,35.6874,549352.07762332
2013-08-21,35.5678,35.7218,35.2215,35.3941,35.3941,458163.64341816
2013-08-22,35.507,35.7757,35.4069,35.7138,35.7138,246088.98208037
2013-08-23,35.8001,35.8001,35.453,35.603,35.603,341000.59993713
2013-08-26,35.5678,35.6638,35.2126,35.2509,35.2509,561028.315948
2013-08-27,34.9252,35.04,34.6614,34.7604,34.7604,653081.27910622
2013-08-28,34.7741,34.8311,34.4985,34.5496,34.5496,512402.64030544
2013-08-29,34.4858,34.8536,34.3721,34.7193,34.7193,353214.11038242
2013-08-30,34.7527,34.883,34.1896,34.3269,34.3269,870688.72184522
2013-09-03,34.7584,34.988,34.0768,34.4152,34.4152,871156.66853089
2013-09-04,34.4102,34.7242,34.2445,34.5702,34.5702,825801.5222296
2013-09-05,34.5319,34.6908,34.4102,34.578,34.578,353839.05878834
2013-09-06,34.732,34.8428,33.9297,34.2572,34.2572,1853589.8355252
2013-09-09,34.3583,34.7977,34.3034,34.7527,34.7527,1662139.4910745
2013-09-10,35.04,35.1245,34.8046,35.0322,35.0322,2030062.8275591
2013-09-11,34.7889,35.1372,34.7527,34.9428,34.9428,704229.17718966
2013-09-12,34.988,35.1008,34.7457,34.7889,34.7889,475835.51237129
2013-09-13,32.781,34.988,32.781,34.988,34.988,749426.30227902
2013-09-16,35.4961,35.5471,35.2293,35.4657,35.4657,699887.16208228
2013-09-17,35.5393,35.5706,35.3745,35.449,35.449,653452.37408136
2013-09-18,35.4108,35.8148,35.3196,35.7904,35.7904,927431.59032296
2013-09-19,35.8748,36.1376,35.8748,35.9286,35.9286,1109275.2645795
2013-09-20,35.9209,36.2454,35.6775,35.9709,35.9709,1384794.9327645
2013-09-23,35.911,35.911,35.6305,35.6551,35.6551,725065.54834831
2013-09-24,35.758,35.9513,35.5236,35.6461,35.6461,557521.26453467
2013-09-25,35.6247,35.8492,35.4333,35.7452,35.7452,625716.08316532
2013-09-26,35.8148,36.0336,35.6384,35.8315,35.8315,468163.8374046
2013-09-27,35.758,36.0249,35.5177,35.9865,35.9865,881901.09145099
2013-09-30,35.8061,35.9032,35.5648,35.758,35.758,870856.93797405
2013-10-01,35.7669,35.9709,35.6854,35.8659,35.8659,549539.66409426
2013-10-02,35.6461,36.0592,35.5706,36.0592,36.0592,891360.95484179
2013-10-03,35.9032,35.9709,35.4108,35.6854,35.6854,1000950.1945584
2013-10-04,35.6461,36.1454,35.343,36.1141,36.1141,805773.60798107
2013-10-07,35.8659,36.1454,35.7452,36.0169,36.0169,723081.61751973
2013-10-08,35.9581,36.0777,35.7365,35.7365,35.7365,932243.59109939
2013-10-09,35.7904,35.9032,35.5177,35.7208,35.7208,611389.16644682
2013-10-10,36.1533,36.7556,36.0249,36.7477,36.7477,693885.4145037
2013-10-11,36.6987,37.0871,36.5781,36.8203,36.8203,953751.80728169
2013-10-14,36.6918,37.1774,36.5948,37.1478,37.1478,699464.07303095
2013-10-15,37.1548,37.2745,36.8203,36.9056,36.9056,720104.70178514
2013-10-16,37.1028,37.5286,37.0194,37.5069,37.5069,717021.75891481
2013-10-17,37.2745,37.8698,37.1774,37.8051,37.8051,566419.38800432
2013-10-18,37.8051,37.9582,37.5785,37.9061,37.9061,2757562.922063
2013-10-21,37.9336,37.9749,37.7639,37.8777,37.8777,451154.63804994
2013-10-22,37.9483,38.2789,37.9121,38.1632,38.1632,770695.95740589
2013-10-23,38.0141,38.117,37.7158,38.0141,38.0141,824892.13564218
2013-10-24,38.0415,38.272,37.9336,38.1553,38.1553,768583.57062436
2013-10-25,38.2553,38.2789,37.6109,38.0485,38.0485,782957.38396058
2013-10-28,38.1062,38.2789,37.9415,38.1406,38.1406,655961.34313026
2013-10-29,38.2867,38.3976,38.1632,38.3936,38.3936,632358.07152516
2013-10-30,38.4447,38.5055,38.1632,38.3377,38.3377,679830.70206643
2013-10-31,38.2102,38.3309,37.9121,37.9483,37.9483,1076636.2381265
2013-11-01,38.0091,38.0141,37.7639,37.9121,37.9121,697632.04646418
2013-11-04,38.117,38.117,37.7394,37.8474,37.8474,617496.94116115
2013-11-05,37.7325,37.863,37.5717,37.6629,37.6629,617714.09289111
2013-11-06,37.8777,38.1122,37.7905,38.0993,38.0993,650154.31846446
2013-11-07,38.272,38.3004,37.6031,37.6276,37.6276,726778.29438738
2013-11-08,37.708,38.3544,37.6207,38.3456,38.3456,588700.37888759
2013-11-11,38.2917,38.4751,38.2376,38.3633,38.3633,349431.7962128
2013-11-12,38.2102,38.2642,37.8051,38.0091,38.0091,600833.34948937
2013-11-13,37.7905,38.3309,37.7394,38.3073,38.3073,504566.82717669
2013-11-14,38.4681,38.6438,38.2181,38.5878,38.5878,538720.81828079
2013-11-15,38.6359,38.7428,38.3544,38.7331,38.7331,848236.45635804
2013-11-18,38.7909,38.8626,38.4908,38.5947,38.5947,565757.73789757
2013-11-19,38.6948,38.9439,38.4937,38.7693,38.7693,890810.42932924
2013-11-20,38.8703,39.0489,38.5878,38.6301,38.6301,687610.44315223
2013-11-21,38.8252,39.4128,38.6359,39.3618,39.3618,748669.83944509
2013-11-22,39.3942,39.7855,39.247,39.7423,39.7423,804984.52141307
2013-11-25,39.8846,40.1876,39.8091,39.9297,39.9297,737330.03337808
2013-11-26,39.8934,40.1357,39.8934,39.9542,39.9542,906925.53447184
2013-11-27,40.0287,40.2906,39.8934,40.1495,40.1495,747746.17997403
2013-11-29,40.17,40.2582,39.6972,39.7423,39.7423,389037.00938292
2013-12-02,39.7423,39.7904,39.4196,39.5442,39.5442,841776.95701069
2013-12-03,39.3391,39.5128,38.9214,39.3206,39.3206,1124652.2577385
2013-12-04,39.1215,39.4785,38.7772,39.1871,39.1871,587249.64221283
2013-12-05,39.2381,39.3206,38.8085,38.9674,38.9674,578415.74671965
2013-12-06,39.4196,39.6433,39.2127,39.6433,39.6433,681678.02100856
2013-12-09,39.6972,39.8356,39.4128,39.6119,39.6119,755131.37777583
2013-12-10,39.6119,39.6609,39.296,39.4442,39.4442,729807.20419813
2013-12-11,39.3942,39.6178,38.9125,38.9674,38.9674,624570.17450584
2013-12-12,38.8968,39.0714,38.8488,38.9214,38.9214,545114.05066831
2013-12-13,39.0303,39.2304,38.8252,38.8399,38.8399,537927.65374604
2013-12-16,39.0077,39.0675,38.7762,38.8626,38.8626,743053.45972531
2013-12-17,38.7762,38.89,38.6183,38.7418,38.7418,596298.65045259
2013-12-18,38.7821,39.3981,38.5104,39.3902,39.3902,991304.78368001
2013-12-19,39.2578,39.3981,39.1362,39.301,39.301,583350.08649888
2013-12-20,39.3902,39.8101,39.3254,39.764,39.764,1463430.3657917
2013-12-23,39.8797,40.1455,39.7697,39.7914,39.7914,999681.94689611
2013-12-24,39.8189,39.9561,39.7346,39.9228,39.9228,344099.8546745
2013-12-26,41.0852,41.0852,39.9071,40.0444,40.0444,474398.02908848
2013-12-27,40.0042,40.1181,39.7266,39.7413,39.7413,450332.92774786
2013-12-30,39.7266,39.9865,39.6796,39.9484,39.9484,522008.29100789
2013-12-31,40.0857,40.1386,39.9071,40.0376,40.0376,433458.30129625
2014-01-02,39.8708,39.8964,39.1823,39.3353,39.3353,707647.53282597
2014-01-03,39.3745,39.503,38.9999,39.0901,39.0901,543519.56566527
2014-01-06,39.0675,39.2912,38.8763,38.992,38.992,724742.3694826
2014-01-07,39.0077,39.2284,38.9312,39.0313,39.0313,693615.24920587
2014-01-08,39.045,39.045,38.7154,38.9057,38.9057,1354004.2447455
2014-01-09,38.9135,39.1333,38.8626,39.0734,39.0734,745145.45667303
2014-01-10,39.2912,39.3668,39.0243,39.1068,39.1068,711007.77743596
2014-01-13,38.9832,39.1744,38.533,38.6183,38.6183,1051994.1044894
2014-01-14,38.6418,38.9057,38.579,38.8399,38.8399,447716.91207152
2014-01-15,39.0675,39.0822,38.7016,38.89,38.89,668104.50864893
2014-01-16,38.6782,38.7998,38.4966,38.6183,38.6183,690586.33939511
2014-01-17,38.5928,38.6839,38.3897,38.6281,38.6281,1841742.3225966
2014-01-21,38.9135,38.9832,38.4162,38.5928,38.5928,1165003.7388257
2014-01-22,38.7565,38.8331,38.5487,38.7635,38.7635,885227.69283521
2014-01-23,38.6418,38.7998,38.2053,38.3338,38.3338,1216799.0141323
2014-01-24,38.0023,38.1072,37.3088,37.3176,37.3176,1181724.4220322
2014-01-27,37.1568,37.5687,36.3289,37.2853,37.2853,1168011.239311
2014-01-28,37.3265,37.6991,37.2941,37.6629,37.6629,824998.16277793
2014-01-29,37.3352,37.5687,37.1441,37.1655,37.1655,697275.2243727
2014-01-30,37.4873,37.6629,37.3009,37.6403,37.6403,534565.37015267
2014-01-31,36.7752,37.3509,36.6663,37.0401,37.0401,1195336.6750761
2014-02-03,36.7045,37.2332,36.3005,36.3995,36.3995,1294108.0884708
2014-02-04,36.4241,36.5614,35.9855,36.1239,36.1239,1494784.8327153
2014-02-05,35.9768,36.2621,35.8885,36.0092,36.0092,1034906.4042747
2014-02-06,35.5511,35.6914,34.4671,34.5643,34.5643,1915360.8370176
2014-02-07,34.5643,34.9635,34.3279,34.9635,34.9635,1806755.4067819
2014-02-10,34.886,35.0008,34.5732,35.0008,35.0008,1236813.6749888
2014-02-11,35.0155,35.5354,34.9321,35.4127,35.4127,1115260.700291
2014-02-12,35.5274,35.6815,35.3607,35.5598,35.5598,929158.60924569
2014-02-13,35.2832,35.8796,35.1753,35.8728,35.8728,913933.52034837
2014-02-14,35.9091,35.9346,35.6344,35.9346,35.9346,805491.20878295
2014-02-18,35.8031,36.1641,35.8031,36.066,36.066,839908.22874306
2014-02-19,35.9768,36.0092,35.5598,35.5972,35.5972,985369.30306127
2014-02-20,35.6747,35.8286,35.4069,35.7727,35.7727,631725.98667741
2014-02-21,35.5511,35.9091,35.5511,35.7423,35.7423,640012.4151331
2014-02-24,35.756,35.9571,35.6511,35.6668,35.6668,827202.30381156
2014-02-25,35.7266,36.066,35.4903,35.5825,35.5825,486559.54545759
2014-02-26,35.5972,35.6423,35.3843,35.5207,35.5207,592276.75573584
2014-02-27,35.5354,35.7266,35.354,35.6668,35.6668,597408.87690291
2014-02-28,35.7061,36.0092,35.5608,35.8424,35.8424,744443.02689868
2014-03-03,35.6914,35.7266,35.354,35.5207,35.5207,537570.83165457
2014-03-04,35.8198,36.0925,35.7727,36.0249,36.0249,946146.39927487
2014-03-05,36.0032,36.066,35.8452,36.0032,36.0032,543833.56910576
2014-03-06,36.0092,36.5456,35.9855,36.4318,36.4318,833355.95565194
2014-03-07,36.5614,36.6898,36.3779,36.5741,36.5741,716915.73177907
2014-03-10,36.4682,36.5692,36.3161,36.4465,36.4465,609554.08140496
2014-03-11,36.476,36.5741,36.1543,36.2621,36.2621,659276.73010589
2014-03-12,36.1386,36.4388,36.0249,36.4151,36.4151,508278.79641971
2014-03-13,36.6232,36.6594,36.066,36.0739,36.0739,766648.57539688
2014-03-14,36.0739,36.3937,36.0493,36.1641,36.1641,731761.56976772
2014-03-17,36.4014,36.5094,36.0856,36.2778,36.2778,1109446.5391834
2014-03-18,36.3024,36.6713,36.2484,36.5957,36.5957,448099.22145523
2014-03-19,36.6025,36.6566,36.2317,36.326,36.326,498502.89060503
2014-03-20,36.217,36.7546,36.0072,36.7183,36.7183,543720.40552818
2014-03-21,37.0341,37.1224,36.6192,36.9821,36.9821,2066188.5155916
2014-03-24,37.0341,37.1665,36.8723,37.0263,37.0263,695591.02410094
2014-03-25,37.1882,37.2803,36.8439,37.0047,37.0047,412156.0224353
2014-03-26,37.1224,37.3128,37.0263,37.0488,37.0488,589329.40526026
2014-03-27,36.9183,37.0135,36.6938,36.9273,36.9273,858552.69276838
2014-03-28,36.9664,37.2803,36.943,37.2362,37.2362,981060.93117966
2014-03-31,36.8723,37.5814,36.8723,37.55,37.55,1395030.6293313
2014-04-01,36.8183,37.1793,36.5035,36.9106,36.9106,1613976.6646592
2014-04-02,36.7949,37.2097,36.7429,37.1498,37.1498,881459.65154926
2014-04-03,37.4206,37.4285,36.9644,37.2362,37.2362,657336.63741996
2014-04-04,37.3893,37.5747,37.146,37.1882,37.1882,1193016.3119898
2014-04-07,37.2048,37.4206,36.6192,36.6428,36.6428,1032183.3419709
2014-04-08,36.5319,36.7349,36.2701,36.6566,36.6566,890657.50557574
2014-04-09,36.7115,36.991,36.5575,36.9273,36.9273,603190.41427646
2014-04-10,37.0047,37.3823,36.6713,36.679,36.679,939071.12694679
2014-04-11,36.4966,36.679,36.2701,36.3554,36.3554,1024305.7296828
2014-04-14,36.8253,36.9183,36.5496,36.8253,36.8253,850810.67287509
2014-04-15,36.7506,37.2588,36.5957,37.1665,37.1665,971489.94319466
2014-04-16,37.2666,37.7344,37.2666,37.6668,37.6668,835677.33822988
2014-04-17,37.6668,37.8474,37.501,37.6383,37.6383,3374963.0115136
2014-04-21,37.6463,37.713,37.4206,37.5657,37.5657,709018.74914892
2014-04-22,37.4422,37.7825,37.2362,37.7463,37.7463,847887.79020009
2014-04-23,37.8208,38.116,37.7895,38.0945,38.0945,746233.25430618
2014-04-24,38.2034,38.3789,38.0308,38.3652,38.3652,908764.69748047
2014-04-25,38.018,38.018,36.8507,37.0401,37.0401,1462393.542743
2014-04-28,37.1303,37.4844,36.8634,37.2441,37.2441,923665.58802037
2014-04-29,37.2803,37.55,37.2136,37.3048,37.3048,646084.50763828
2014-04-30,37.2362,37.6306,37.0488,37.5981,37.5981,1008795.1831123
2014-05-01,37.6982,37.8247,37.4599,37.8042,37.8042,682276.46263054
2014-05-02,37.8042,38.1778,37.6913,37.8855,37.8855,810419.43161204
2014-05-05,37.6306,37.9355,37.5226,37.8297,37.8297,590960.59196414
2014-05-06,37.6531,37.7629,37.402,37.558,37.558,808588.42453694
2014-05-07,37.5894,38.0759,37.3676,38.0572,38.0572,674696.54191598
2014-05-08,37.9435,38.2642,37.8208,37.9777,37.9777,620947.92053154
2014-05-09,38.0258,38.0258,37.6619,37.9131,37.9131,505442.57053833
2014-05-12,37.9278,38.169,37.9278,38.018,38.018,591703.80140609
2014-05-13,38.0846,38.2122,37.9198,38.0258,38.0258,672097.85759836
2014-05-14,38.0308,38.0846,37.6246,37.7463,37.7463,466517.35832539
2014-05-15,37.6383,37.6383,37.1057,37.3618,37.3618,763484.07319137
2014-05-16,37.397,37.4255,37.0587,37.3462,37.3462,647204.92900551
2014-05-19,37.3462,37.7757,37.3128,37.7297,37.7297,658774.12070276
2014-05-20,37.7698,37.7698,37.3462,37.4108,37.4108,630422.05680599
2014-05-21,37.5747,37.7297,37.4108,37.5981,37.5981,382817.09058271
2014-05-22,37.6246,37.6246,37.451,37.5363,37.5363,329112.30734095
2014-05-23,37.5157,37.657,37.3618,37.5157,37.5157,333427.81566439
2014-05-27,37.607,37.7531,37.5747,37.6531,37.6531,396757.61995071
2014-05-28,37.7825,37.7825,37.5747,37.5747,37.5747,546759.51025584
2014-05-29,37.706,37.7895,37.5657,37.6982,37.6982,381017.68774999
2014-05-30,37.4844,37.9278,37.4844,37.8297,37.8297,619817.30424741
2014-06-02,37.8934,37.9601,37.5089,37.558,37.558,698552.64746017
2014-06-03,37.4775,37.6031,37.3048,37.4696,37.4696,985821.9573716
2014-06-04,37.4775,37.9777,37.4696,37.6913,37.6913,620634.93658273
2014-06-05,37.6982,37.9061,37.5747,37.9061,37.9061,541918.96371209
2014-06-06,38.0846,38.1523,37.9601,38.0375,38.0375,407867.0208958
2014-06-09,37.9435,38.1426,37.9131,38.018,38.018,380837.23772088
2014-06-10,37.9131,38.0258,37.8297,37.9689,37.9689,369991.88512347
2014-06-11,37.8474,37.9278,37.7217,37.7757,37.7757,353821.72742961
2014-06-12,37.7217,37.8208,37.6383,37.7463,37.7463,487709.53208381
2014-06-13,37.7757,37.8394,37.5657,37.7297,37.7297,708049.2125518
2014-06-16,37.706,37.8482,37.5884,37.6658,37.6658,684190.04853254
2014-06-17,37.5638,37.9149,37.5413,37.8217,37.8217,787137.29988926
2014-06-18,37.7973,38.0061,37.5962,37.9454,37.9454,642464.29264737
2014-06-19,37.7648,38.0278,37.6727,37.9532,37.9532,529043.80316005
2014-06-20,38.0886,38.2132,37.9297,37.9974,37.9974,885751.71156383
2014-06-23,38.0542,38.1269,37.7374,37.8875,37.8875,438884.03607002
2014-06-24,37.713,37.9081,37.5795,37.606,37.606,419260.86002238
2014-06-25,37.5884,37.7217,37.4755,37.5206,37.5206,494212.86957384
2014-06-26,37.4902,37.5139,37.1244,37.2941,37.2941,458794.70877422
2014-06-27,37.1754,37.4902,37.1244,37.2843,37.2843,661142.39989844
2014-06-30,37.3794,37.6747,37.1901,37.4069,37.4069,621694.18844856
2014-07-01,37.4069,37.7825,37.3863,37.6747,37.6747,708446.81431087
2014-07-02,37.606,37.7297,37.399,37.5795,37.5795,700879.12749658
2014-07-03,37.6236,37.8307,37.5795,37.7629,37.7629,362766.74751699
2014-07-07,37.706,37.7463,37.4814,37.661,37.661,646718.63146941
2014-07-08,37.661,37.6747,37.448,37.5206,37.5206,676796.69479722
2014-07-09,37.5413,37.7531,37.2303,37.3706,37.3706,731887.98673727
2014-07-10,37.0508,37.2195,36.9577,37.1754,37.1754,624481.47872882
2014-07-11,37.0842,37.2166,36.9831,37.0989,37.0989,659891.48359491
2014-07-14,37.2303,37.5727,37.1989,37.4755,37.4755,520193.59579983
2014-07-15,37.5727,37.7463,37.3863,37.5343,37.5343,822763.43699363
2014-07-16,37.5962,37.6913,37.3863,37.5286,37.5286,643179.97581369
2014-07-17,37.3509,37.556,37.1989,37.2303,37.2303,640601.68132987
2014-07-18,37.1244,37.661,37.0842,37.6139,37.6139,2156266.7233464
2014-07-21,37.5413,37.9149,37.3941,37.7629,37.7629,882899.17381543
2014-07-22,37.8394,37.8394,37.1331,37.3078,37.3078,937002.57830795
2014-07-23,37.2166,37.5139,37.1244,37.4069,37.4069,517397.13009438
2014-07-24,37.5206,37.606,37.3342,37.399,37.399,519478.93212519
2014-07-25,37.2636,37.2764,37.0351,37.1528,37.1528,495697.24947436
2014-07-28,37.091,37.3509,36.9988,37.3009,37.3009,442954.86638788
2014-07-29,37.3078,37.3794,36.9193,36.9273,36.9273,857876.76977796
2014-07-30,36.8183,37.2088,36.219,36.2778,36.2778,929596.99067235
2014-07-31,36.0739,36.4672,35.659,35.8405,35.8405,1643350.2592293
2014-08-01,35.6815,36.0022,35.5805,35.757,35.757,1834026.8094872
2014-08-04,35.8452,36.2033,35.6668,36.1886,36.1886,902612.06513178
2014-08-05,36.1317,36.3132,35.8492,36.0072,36.0072,725185.84836771
2014-08-06,35.9473,36.3505,35.8492,36.2337,36.2337,480250.93088033
2014-08-07,36.4368,36.475,36.0316,36.0739,36.0739,585711.22925273
2014-08-08,36.2427,36.5368,36.0239,36.5221,36.5221,397211.29375273
2014-08-11,36.6918,36.7723,36.4455,36.6262,36.6262,438973.75133874
2014-08-12,36.6172,36.8958,36.5153,36.7419,36.7419,398745.62874606
2014-08-13,36.9106,36.992,36.6997,36.8772,36.8772,667013.65254072
2014-08-14,36.9517,37.2469,36.9036,37.2392,37.2392,410778.68916222
2014-08-15,37.2941,37.4069,36.9674,37.2548,37.2548,793898.56877684
2014-08-18,37.399,37.6521,37.2215,37.3166,37.3166,581411.01330464
2014-08-19,37.3422,37.4069,37.2166,37.3863,37.3863,379699.48499492
2014-08-20,37.2636,37.6296,37.2636,37.448,37.448,472872.86952036
2014-08-21,37.4569,37.8217,37.3009,37.8051,37.8051,587764.48551624
2014-08-22,37.8581,37.8797,37.556,37.5638,37.5638,473796.52899144
2014-08-25,37.8051,37.9149,37.5795,37.864,37.864,452238.35771632
2014-08-26,37.864,38.0131,37.7698,37.7825,37.7825,452902.04680645
2014-08-27,37.713,37.8581,37.6707,37.7374,37.7374,618654.06422922
2014-08-28,37.556,37.6796,37.4991,37.556,37.556,708727.1745256
2014-08-29,37.556,37.5962,37.3539,37.448,37.448,1122025.0276536
2014-09-02,37.606,37.808,37.4991,37.5962,37.5962,638692.17339465
2014-09-03,37.7766,37.8394,37.4069,37.4245,37.4245,1049280.2176109
2014-09-04,37.4755,37.6747,37.3863,37.4991,37.4991,681899.25070528
2014-09-05,37.4755,37.9081,37.448,37.8954,37.8954,781227.30656279
2014-09-08,37.9111,38.0475,37.5177,37.7629,37.7629,664826.84286583
2014-09-09,37.661,37.7414,37.3794,37.4245,37.4245,436228.26021777
2014-09-10,37.4667,37.6521,37.3579,37.4991,37.4991,382185.00573496
2014-09-11,37.4755,37.6089,37.3422,37.5727,37.5727,487789.05243563
2014-09-12,37.5638,37.606,37.3422,37.4069,37.4069,617333.82249077
2014-09-15,37.4765,37.7648,37.3157,37.655,37.655,520763.49165449
2014-09-16,37.5216,37.81,37.4824,37.6776,37.6776,589217.26117438
2014-09-17,37.8198,37.8748,37.5894,37.7168,37.7168,409622.58558585
2014-09-18,37.7404,38.018,37.6687,37.9052,37.9052,469417.81218321
2014-09-19,38.0592,38.1485,37.7571,38.0258,38.0258,1491923.1195416
2014-09-22,37.9866,38.2122,37.7334,37.7786,37.7786,541499.95262753
2014-09-23,37.709,37.7718,37.2284,37.2284,37.2284,573923.86633384
2014-09-24,37.2931,37.5864,37.2068,37.5353,37.5353,649663.9429616
2014-09-25,37.3941,37.5296,36.8909,36.9135,36.9135,939392.26682913
2014-09-26,37.0027,37.2617,36.782,37.1127,37.1127,497774.97353842
2014-09-29,38.269,38.269,36.7967,37.1921,37.1921,666458.0295697
2014-09-30,37.1891,37.5433,36.8841,36.9792,36.9792,762047.60940026
2014-10-01,36.8674,36.9557,36.5761,36.6419,36.6419,727870.16998728
2014-10-02,36.5702,36.9626,36.474,36.8144,36.8144,625845.55860993
2014-10-03,37.0705,37.4677,36.8762,37.4333,37.4333,802845.6278476
2014-10-06,37.3009,37.7648,37.1802,37.3009,37.3009,530386.47371568
2014-10-07,37.0253,37.2156,36.7595,36.7595,36.7595,744178.97855099
2014-10-08,36.8272,37.4333,36.5849,37.399,37.399,721499.36641696
2014-10-09,37.3569,37.4824,36.6546,36.6938,36.6938,926393.74778261
2014-10-10,36.7017,37.2499,36.5928,36.7439,36.7439,861731.46785756
2014-10-13,36.8066,37.0557,36.4583,36.474,36.474,797370.95747271
2014-10-14,36.7439,36.9066,36.474,36.6172,36.6172,1142205.8656556
2014-10-15,36.3671,36.4122,35.4363,36.2387,36.2387,1091115.0591068
2014-10-16,35.7188,36.3397,35.4618,36.215,36.215,773790.1146848
2014-10-17,36.4583,36.8595,36.171,36.7889,36.7889,2077341.7546793
2014-10-20,36.6271,37.0557,36.5928,37.0508,37.0508,759760.88953977
2014-10-21,37.2411,37.9355,37.2215,37.8924,37.8924,868098.19346113
2014-10-22,37.9258,38.173,37.7865,37.8198,37.8198,731028.55524267
2014-10-23,38.1975,38.2837,37.8983,37.9592,37.9592,660454.24300775
2014-10-24,37.9336,38.3299,37.9336,38.3054,38.3054,673126.52471349
2014-10-27,38.1327,38.5487,38.0455,38.5182,38.5182,516322.58585319
2014-10-28,38.5418,38.7683,38.4731,38.7565,38.7565,632702.65971635
2014-10-29,38.6997,38.9822,38.4721,38.8586,38.8586,989136.32485554
2014-10-30,38.8516,39.3137,38.5878,39.2313,39.2313,601499.07756288
2014-10-31,39.7826,39.7826,39.4069,39.6678,39.6678,1061236.8161503
2014-11-03,39.0597,39.9003,39.0597,39.767,39.767,885180.79621748
2014-11-04,39.7374,40.0337,39.6874,40.0112,40.0112,665186.72343236
2014-11-05,40.1739,40.1739,39.8934,40.1652,40.1652,645488.10499968
2014-11-06,40.1239,40.2563,39.8934,40.225,40.225,393466.70077564
2014-11-07,40.0739,40.3103,39.9718,40.1652,40.1652,671725.74313154
2014-11-10,40.225,40.4162,40.1652,40.4162,40.4162,402981.61671769
2014-11-11,40.3515,40.4211,40.0818,40.225,40.225,576765.18967366
2014-11-12,40.1524,40.3897,39.9404,40.2906,40.2906,470842.04207404
2014-11-13,40.3897,40.6095,40.2191,40.376,40.376,416842.62573388
2014-11-14,40.2642,40.4593,40.013,40.1171,40.1171,401944.79366904
2014-11-17,39.9248,40.1171,39.862,40.0651,40.0651,442489.97817728
2014-11-18,40.0739,40.3426,39.9071,40.0494,40.0494,636254.56876405
2014-11-19,39.9404,40.0396,39.6305,39.9071,39.9071,972970.24512844
2014-11-20,39.8248,40.1171,39.8248,40.0072,40.0072,697945.03041297
2014-11-21,40.3426,40.3426,39.9798,40.1524,40.1524,663608.55029637
2014-11-24,40.7851,40.7851,40.271,40.326,40.326,591592.6768119
2014-11-25,40.2024,40.473,39.5649,39.66,39.66,1654256.7813281
2014-11-26,39.6904,39.9895,39.5883,39.9895,39.9895,518672.51419847
2014-11-28,40.1592,40.3515,39.9895,40.0396,40.0396,291582.7792515
2014-12-01,39.8404,40.1239,39.8248,39.9337,39.9337,533168.66653749
2014-12-02,39.8787,40.3387,39.8787,40.3005,40.3005,522175.48764504
2014-12-03,40.4132,40.5437,40.2397,40.376,40.376,575955.71327186
2014-12-04,40.271,40.4339,40.2328,40.3985,40.3985,653394.26305503
2014-12-05,40.4339,40.7517,40.3985,40.5006,40.5006,402093.63945576
2014-12-08,40.3192,41.0705,40.1739,41.0567,41.0567,882414.91526271
2014-12-09,40.8115,41.0567,40.632,40.9626,40.9626,743368.48265749
2014-12-10,40.7919,41.1038,40.4947,40.5094,40.5094,731983.81895612
2014-12-11,40.736,41.2127,40.4593,40.7674,40.7674,620126.21022947
2014-12-12,40.4593,40.7851,39.9895,39.9974,39.9974,673440.52815398
2014-12-15,40.1759,40.3613,39.3862,39.6639,39.6639,759979.06076141
2014-12-16,39.5982,40.2416,39.4236,39.656,39.656,638281.31824361
2014-12-17,39.8846,40.3289,39.5354,40.2269,40.2269,700594.68931509
2014-12-18,40.3544,40.8528,40.3544,40.8331,40.8331,884338.6960816
2014-12-19,40.9017,41.1823,40.7458,40.8949,40.8949,1831412.8327943
2014-12-22,40.6704,41.2991,40.38,41.2156,41.2156,511740.99019868
2014-12-23,43.8797,43.8797,41.2754,41.5177,41.5177,558230.83075085
2014-12-24,41.5266,41.6315,41.0195,41.3677,41.3677,555246.77857446
2014-12-26,41.4618,41.6384,41.3921,41.4697,41.4697,332158.54851044
2014-12-29,41.503,41.9239,41.4088,41.5384,41.5384,358720.38499968
2014-12-30,41.4255,41.6913,41.2754,41.5728,41.5728,305904.59851154
2014-12-31,41.6472,41.9239,41.0881,41.0881,41.0881,433621.41996664
2015-01-02,41.2254,41.4697,40.6232,40.9184,40.9184,487715.64903395
2015-01-05,40.6704,40.8037,40.2121,40.3289,40.3289,762568.56965382
2015-01-06,40.3289,40.5114,39.7346,40.0209,40.0209,726632.50707572
2015-01-07,40.2672,40.583,40.013,40.5653,40.5653,619198.47279163
2015-01-08,40.8695,41.5334,40.6467,41.4304,41.4304,694328.89338882
2015-01-09,41.5511,41.5952,40.8184,40.9773,40.9773,610519.54003532
2015-01-12,41.0723,41.2754,40.5574,40.7419,40.7419,539336.59126151
2015-01-13,40.8331,41.4461,40.4721,40.7164,40.7164,681765.6972939
2015-01-14,40.2936,41.1479,39.8993,40.3701,40.3701,582728.19656802
2015-01-15,40.2799,40.6704,40.1181,40.3613,40.3613,799999.20704934
2015-01-16,40.3377,41.0382,40.2121,41.0292,41.0292,670889.7599458
2015-01-20,41.196,41.2677,40.375,40.7164,40.7164,1345185.6416276
2015-01-21,40.7252,40.8262,40.3035,40.631,40.631,749849.39133034
2015-01-22,40.8528,41.6913,40.5574,41.6551,41.6551,761371.68640984
2015-01-23,41.6472,41.6845,41.2254,41.2754,41.2754,578901.02476404
2015-01-26,41.3255,41.6129,40.9145,41.6129,41.6129,635598.01611574
2015-01-27,41.25,41.6129,41.1803,41.3834,41.3834,517044.38596966
2015-01-28,41.5728,41.6227,40.6771,40.6869,40.6869,1109974.6358787
2015-01-29,40.7968,41.2578,40.5359,41.1479,41.1479,790354.81566266
2015-01-30,40.9459,41.0449,39.9494,40.0405,40.0405,2272913.9040324
2015-02-02,40.4084,40.8262,39.8395,40.7841,40.7841,822918.3997305
2015-02-03,40.9017,41.3333,40.8184,41.3029,41.3029,852598.86129923
2015-02-04,41.1048,41.7826,41.0195,41.5952,41.5952,903767.14921646
2015-02-05,41.6698,41.7306,40.6771,41.1411,41.1411,1187142.0008724
2015-02-06,41.3186,41.6227,41.0195,41.1734,41.1734,893285.75515236
2015-02-09,40.9302,41.0449,40.6547,40.9243,40.9243,628024.21235129
2015-02-10,41.1048,41.1764,40.7164,40.8331,40.8331,839662.53124579
2015-02-11,40.8331,41.1764,40.8105,41.0509,41.0509,603710.35503833
2015-02-12,41.2254,41.4383,41.1224,41.3764,41.3764,487741.1363262
2015-02-13,41.3186,41.5875,41.25,41.5875,41.5875,716444.72661831
2015-02-17,41.4864,41.8287,41.454,41.6002,41.6002,454911.4649273
2015-02-18,41.4088,41.5266,41.097,41.4461,41.4461,365934.30819759
2015-02-19,41.2901,41.6129,41.2901,41.503,41.503,365427.62082769
2015-02-20,41.3186,41.713,41.0195,41.6845,41.6845,583460.19160138
2015-02-23,41.7983,41.7983,41.4383,41.6698,41.6698,505870.7570481
2015-02-24,41.7051,42.1073,41.6698,42.0298,42.0298,443405.48171482
2015-02-25,42.0867,42.12,41.7983,41.962,41.962,689252.84426469
2015-02-26,41.864,42.1024,41.7739,42.0248,42.0248,433720.31066055
2015-02-27,42.0867,42.1544,41.8218,41.8287,41.8287,420584.1602359
2015-03-02,41.8218,42.067,41.5423,42.0425,42.0425,595117.05958396
2015-03-03,41.8493,41.9239,41.6129,41.8562,41.8562,493572.62879256
2015-03-04,41.7306,41.8562,41.4088,41.5177,41.5177,576319.67180516
2015-03-05,41.6129,41.8826,41.3921,41.8218,41.8218,514768.88051776
2015-03-06,41.713,42.1544,41.5599,41.5952,41.5952,769813.07760241
2015-03-09,41.5266,41.9934,41.4461,41.812,41.812,470746.20985519
2015-03-10,41.3921,41.5599,41.0646,41.0646,41.0646,624001.29814286
2015-03-11,41.0586,41.5177,40.9302,41.35,41.35,493449.27029808
2015-03-12,41.6051,42.3299,41.503,42.2975,42.2975,554625.90813529
2015-03-13,42.2377,42.2789,41.7562,42.1121,42.1121,688080.42882128
2015-03-16,42.3759,43.0312,42.0945,42.9185,42.9185,669492.03683891
2015-03-17,41.7365,42.8243,41.7365,42.7664,42.7664,577331.00756157
2015-03-18,42.7223,43.4256,42.3759,43.2333,43.2333,754145.52931167
2015-03-19,43.1362,43.2599,42.7223,43.0146,43.0146,439531.41329312
2015-03-20,43.0989,43.7296,43.0401,43.6639,43.6639,1832906.38812
2015-03-23,43.6718,43.9209,43.5687,43.5767,43.5767,712127.17931149
2015-03-24,43.4079,43.5031,43.0989,43.2088,43.2088,454411.91399925
2015-03-25,43.1509,43.1509,42.4476,42.4555,42.4555,927081.90467332
2015-03-26,42.2387,42.5359,42.12,42.3603,42.3603,610718.34091486
2015-03-27,42.2622,42.4103,42.1288,42.3221,42.3221,411147.74515398
2015-03-30,42.4006,43.0489,42.2544,42.8881,42.8881,417899.83861634
2015-03-31,42.6183,42.7184,42.3672,42.6094,42.6094,908415.01183081
2015-04-01,42.3456,42.8076,42.2092,42.6017,42.6017,455163.27937472
2015-04-02,42.6017,42.8331,42.4476,42.7596,42.7596,343124.20112724
2015-04-06,42.3525,43.304,42.1288,43.1509,43.1509,531812.74258988
2015-04-07,43.1509,43.3863,42.6566,42.6713,42.6713,537744.14524185
2015-04-08,42.3917,42.9851,42.3917,42.9626,42.9626,688247.62545843
2015-04-09,42.8881,43.0312,42.4476,42.7743,42.7743,431624.23574609
2015-04-10,42.7527,42.9282,42.689,42.7988,42.7988,412649.45641324
2015-04-13,42.7821,43.0989,42.6311,42.8243,42.8243,362005.18722461
2015-04-14,42.7311,43.1362,42.6399,43.0401,43.0401,572956.3687201
2015-04-15,43.1843,43.3265,42.9351,42.943,42.943,357413.39665321
2015-04-16,42.8821,42.9282,42.5761,42.8331,42.8331,413996.20493562
2015-04-17,42.4642,42.585,41.9297,42.0337,42.0337,642481.62400609
2015-04-20,42.0523,42.3672,42.0523,42.2005,42.2005,568400.26035784
2015-04-21,42.1641,42.3388,41.6953,41.7365,41.7365,499983.1925388
2015-04-22,41.8316,41.8316,41.3255,41.711,41.711,464916.7563722
2015-04-23,41.5374,41.968,41.5207,41.8267,41.8267,434780.58201809
2015-04-24,41.8797,42.0748,41.6884,42.0337,42.0337,514108.24990269
2015-04-27,42.2092,42.2092,41.7031,41.7973,41.7973,577584.86099236
2015-04-28,41.6737,42.1788,41.5541,42.1455,42.1455,578821.50441223
2015-04-29,40.9675,41.4795,40.3466,40.7939,40.7939,1016239.5114322
2015-04-30,40.4319,40.8233,40.2936,40.4996,40.4996,957090.6425662
2015-05-01,40.7939,41.0096,40.2269,40.6811,40.6811,796788.82771777
2015-05-04,40.6584,41.0567,40.5859,41.0175,41.0175,784533.51811321
2015-05-05,40.8575,41.196,40.6664,40.7213,40.7213,661738.80253706
2015-05-06,40.6584,40.8665,40.3554,40.6173,40.6173,497963.57950106
2015-05-07,40.5427,41.0028,40.4653,40.7537,40.7537,508103.44384903
2015-05-08,41.0636,41.3118,40.9331,41.1636,41.1636,548448.80798605
2015-05-11,40.9331,41.1764,40.8164,40.8919,40.8919,697372.07608323
2015-05-12,40.8301,40.9066,40.4917,40.6173,40.6173,638770.67425477
2015-05-13,40.6968,40.9273,40.4398,40.473,40.473,657973.81972616
2015-05-14,40.6271,40.9066,40.4573,40.8919,40.8919,407772.20816864
2015-05-15,40.8999,41.0096,40.5594,40.6811,40.6811,615486.50354862
2015-05-18,40.6811,41.0175,40.5427,40.9675,40.9675,261139.7378987
2015-05-19,41.1048,41.1509,40.887,41.1127,41.1127,480742.32587488
2015-05-20,40.9675,41.1764,40.9429,41.0715,41.0715,385301.59183105
2015-05-21,40.9852,41.1401,40.9214,40.9763,40.9763,382137.08962553
2015-05-22,41.0793,41.1312,40.7213,40.738,40.738,321742.40191448
2015-05-26,40.6271,40.738,40.3466,40.3809,40.3809,484866.16976062
2015-05-27,40.483,40.8164,40.3937,40.7615,40.7615,498806.69912862
2015-05-28,40.7704,40.9273,40.5938,40.8742,40.8742,400234.08661335
2015-05-29,40.8301,40.8742,40.4476,40.4476,40.4476,477923.43135224
2015-06-01,40.5594,41.1215,40.2416,40.3809,40.3809,485228.08931054
2015-06-02,40.2338,40.6095,40.1847,40.5271,40.5271,847578.88421804
2015-06-03,40.6584,41.0096,40.4917,40.9214,40.9214,599464.17214979
2015-06-04,40.7791,40.8233,40.4015,40.4319,40.4319,536193.49838148
2015-06-05,40.5133,40.7889,40.3387,40.4094,40.4094,486424.97255451
2015-06-08,40.2672,40.4573,40.0729,40.0808,40.0808,507806.77176727
2015-06-09,39.9865,40.3554,39.9042,40.1268,40.1268,527466.64951574
2015-06-10,40.3132,40.993,40.2201,40.9273,40.9273,513426.20996212
2015-06-11,40.9675,41.3255,40.8665,41.3039,41.3039,684826.21134704
2015-06-12,41.2687,41.2687,40.8919,40.9606,40.9606,544822.47604499
2015-06-15,40.6143,40.9155,40.4869,40.638,40.638,738328.11574252
2015-06-16,40.4967,41.0881,40.4967,41.0449,41.0449,686899.85744435
2015-06-17,41.1783,41.2617,40.8999,41.0803,41.0803,788142.51869554
2015-06-18,41.3226,41.7876,41.2539,41.6796,41.6796,999058.01798188
2015-06-19,41.6502,41.709,41.2921,41.2921,41.2921,1364623.2701876
2015-06-22,41.502,41.7168,41.4138,41.4687,41.4687,643896.67847171
2015-06-23,41.4608,41.6149,41.3824,41.6061,41.6061,431255.17975432
2015-06-24,41.502,41.5521,41.1137,41.1234,41.1234,602756.11081655
2015-06-25,41.2863,41.2991,40.7262,40.7262,40.7262,541910.80777858
2015-06-26,40.7929,41.1921,40.6938,41.0803,41.0803,682931.99578718
2015-06-29,40.5996,40.8214,40.1376,40.1455,40.1455,890252.76737484
2015-06-30,40.3652,40.7183,40.2435,40.4967,40.4967,909025.68735308
2015-07-01,41.2991,42.4231,40.9331,42.3966,42.3966,1850648.6019998
2015-07-02,42.5663,42.6389,42.1308,42.2858,42.2858,715772.88159466
2015-07-06,41.9767,42.3789,41.8316,42.2328,42.2328,582436.6219447
2015-07-07,42.1474,42.6242,41.8895,42.6174,42.6174,702266.65568656
2015-07-08,42.3574,42.7596,42.2858,42.5026,42.5026,1101788.1176086
2015-07-09,42.9881,42.9881,42.529,42.7468,42.7468,751337.84919762
2015-07-10,43.2637,43.3913,42.9547,43.3,43.3,503742.05839955
2015-07-13,43.3422,43.7306,43.3422,43.6639,43.6639,578717.51625986
2015-07-14,43.5677,43.8121,43.5433,43.7119,43.7119,464719.99447605
2015-07-15,43.1803,43.3324,42.8341,43.2294,43.2294,1224533.8975837
2015-07-16,43.4461,43.559,43.2696,43.4794,43.4794,572769.80174085
2015-07-17,43.3913,43.4461,43.1303,43.2225,43.2225,603251.58377786
2015-07-20,43.4628,43.553,43.093,43.2372,43.2372,510928.45532181
2015-07-21,43.2372,43.4884,43.0175,43.2137,43.2137,594454.38998552
2015-07-22,43.196,43.4942,43.1715,43.351,43.351,376228.11579074
2015-07-23,43.3078,43.3981,42.9449,43.0254,43.0254,523446.79378237
2015-07-24,43.0685,43.1234,42.6301,42.8174,42.8174,1315060.6816821
2015-07-27,42.8174,43.1234,42.583,42.7223,42.7223,809830.16541527
2015-07-28,42.9449,42.9449,42.583,42.8517,42.8517,1256196.2509977
2015-07-29,43.2137,43.7944,42.9048,43.7042,43.7042,1776438.7823986
2015-07-30,43.6482,44.7066,43.4942,44.6016,44.6016,1192251.6932223
2015-07-31,44.788,45.0372,44.4859,44.5545,44.5545,2619211.7827903
2015-08-03,44.173,44.683,44.173,44.6654,44.6654,800882.08685281
2015-08-04,44.5829,44.8988,44.3985,44.7292,44.7292,738944.90821492
2015-08-05,45.1912,45.1912,44.738,44.8272,44.8272,543272.84867631
2015-08-06,44.941,44.941,44.426,44.5829,44.5829,527374.89526365
2015-08-07,44.6086,44.6742,44.3574,44.6487,44.6487,576482.79047555
2015-08-10,45.0538,45.1647,44.9498,45.0637,45.0637,671531.02021876
2015-08-11,44.7292,45.2137,44.4624,45.1558,45.1558,702742.75830576
2015-08-12,44.9685,45.401,44.6153,45.3746,45.3746,972166.88567677
2015-08-13,45.2952,45.608,45.0842,45.4158,45.4158,671286.34221318
2015-08-14,45.4579,45.7061,45.2137,45.7061,45.7061,583173.71443652
2015-08-17,45.6502,45.8248,45.2216,45.657,45.657,711434.94445404
2015-08-18,45.6502,45.9425,45.6237,45.9072,45.9072,664595.41825221
2015-08-19,45.7375,45.9494,45.3256,45.5285,45.5285,686899.85744435
2015-08-20,45.1833,45.3176,44.8341,44.8419,44.8419,759637.53104528
2015-08-21,44.5829,44.7066,43.4461,43.4628,43.4628,1454965.5262903
2015-08-24,40.9763,42.8253,40.1239,41.3745,41.3745,2565746.5800957
2015-08-25,42.3722,43.0018,41.0499,41.0803,41.0803,2053881.2119108
2015-08-26,42.1151,43.2137,41.0803,42.1053,42.1053,1525229.9130514
2015-08-27,42.5437,43.0097,42.123,42.9115,42.9115,1263630.3844005
2015-08-28,42.5742,42.7144,42.3103,42.6007,42.6007,1000545.4563575
2015-08-31,42.2328,42.3574,42.0111,42.2259,42.2259,1135372.2128581
2015-09-01,41.3226,41.5177,40.9763,41.1234,41.1234,1398581.5188874
2015-09-02,41.961,42.5742,41.4942,42.2132,42.2132,1469711.4540933
2015-09-03,42.5026,42.7998,42.4143,42.6085,42.6085,1297833.3111057
2015-09-04,41.9767,42.1896,41.6315,41.8895,41.8895,1032146.6402699
2015-09-08,42.6624,42.9802,42.3505,42.9048,42.9048,1612720.6508972
2015-09-09,43.247,43.3667,42.5349,42.6174,42.6174,910453.99521066
2015-09-10,42.4889,43.1391,42.4889,42.7821,42.7821,739169.1963867
2015-09-11,42.6085,43.1234,42.4525,43.1156,43.1156,927056.41738106
2015-09-14,43.1156,43.146,42.8321,43.0675,43.0675,959375.32344331
2015-09-15,43.1637,43.6678,42.9792,43.5482,43.5482,753838.66231301
2015-09-16,43.5295,43.8287,43.352,43.7915,43.7915,449653.94628237
2015-09-17,43.8973,44.3467,43.6443,43.7277,43.7277,1083420.9553229
2015-09-18,43.1391,43.5805,42.8958,42.9871,42.9871,1827590.7584487
2015-09-21,43.2235,43.6845,43.0421,43.4824,43.4824,803351.2957258
2015-09-22,42.9959,43.4,42.8145,43.0508,43.0508,781723.79901577
2015-09-23,43.0588,43.3863,42.9832,43.197,43.197,547554.71377398
2015-09-24,42.8487,43.4079,42.8487,43.3265,43.3265,699830.07054764
2015-09-25,43.6678,43.916,43.2775,43.5138,43.5138,682093.97361806
2015-09-28,43.3863,43.4413,42.9038,43.0508,43.0508,708782.22707686
2015-09-29,43.1234,43.4167,42.8487,43.3609,43.3609,634299.18370278
2015-09-30,43.6678,43.8659,43.3932,43.7915,43.7915,953724.28100607
2015-10-01,43.8719,43.916,42.9626,43.5874,43.5874,921658.20888292
2015-10-02,42.9792,44.018,42.841,44.0023,44.0023,982961.26368968
2015-10-05,44.4369,44.8331,44.4123,44.8106,44.8106,837742.82839367
2015-10-06,44.6546,44.7773,44.4212,44.4663,44.4663,663171.18836139
2015-10-07,44.7507,45.045,44.5055,44.9685,44.9685,660376.76163932
2015-10-08,44.9783,45.7699,44.89,45.763,45.763,638479.09963146
2015-10-09,45.8101,45.9581,45.558,45.7198,45.7198,581352.90227831
2015-10-12,45.7041,46.2809,45.6717,46.1347,46.1347,546409.8246062
2015-10-13,46.0042,46.1495,45.4756,45.5414,45.5414,934434.47874103
2015-10-14,45.6001,45.7365,45.2648,45.354,45.354,785543.83437792
2015-10-15,45.6296,46.0199,45.2725,45.9965,45.9965,808755.62117409
2015-10-16,46.2495,46.3859,45.9808,46.3064,46.3064,563285.4705495
2015-10-19,46.227,46.7135,46.1279,46.6948,46.6948,487221.19556433
2015-10-20,46.8193,47.0616,46.7478,46.9881,46.9881,459376.83852916
2015-10-21,47.2098,47.4795,47.0538,47.1863,47.1863,655185.50995422
2015-10-22,47.3549,47.9887,47.2854,47.8424,47.8424,913795.88897023
2015-10-23,48.1357,48.1878,47.7464,48.0612,48.0612,696954.08449037
2015-10-26,48.1721,48.3093,47.9288,48.1623,48.1623,628895.87774619
2015-10-27,47.9034,48.3025,47.82,48.2269,48.2269,1256800.8095698
2015-10-28,48.3025,49.5305,48.0701,49.4806,49.4806,1219335.5094568
2015-10-29,49.4659,49.9621,49.2451,49.8072,49.8072,760964.90922557
2015-10-30,49.8003,49.913,49.0068,49.0235,49.0235,1094022.6494065
2015-11-02,49.3451,49.5698,49.197,49.2833,49.2833,757571.02138981
2015-11-03,49.3746,49.5542,49.0146,49.1206,49.1206,862618.42562779
2015-11-04,49.049,49.457,48.9372,49.2147,49.2147,601767.20387732
2015-11-05,49.2686,49.4659,49.1009,49.3099,49.3099,572383.41439037
2015-11-06,49.3384,49.7483,49.1206,49.5395,49.5395,725827.10864068
2015-11-09,49.4247,49.5619,48.8234,49.0068,49.0068,443262.75287824
2015-11-10,49.0235,49.3099,49.0068,49.3,49.3,747203.81039499
2015-11-11,49.5953,49.5953,49.1402,49.3746,49.3746,576433.85487443
2015-11-12,49.1009,49.457,48.7881,48.8068,48.8068,531840.26886552
2015-11-13,48.6831,48.9793,48.3809,48.4497,48.4497,543260.61477603
2015-11-16,48.426,49.0587,48.3722,49.0587,49.0587,727428.73008555
2015-11-17,49.0667,49.197,48.7242,48.8322,48.8322,702240.14890261
2015-11-18,49.049,49.408,48.892,49.2755,49.2755,1043036.8505018
2015-11-19,49.3197,49.4717,49.197,49.4492,49.4492,727775.35726013
2015-11-20,49.6698,49.7259,49.4247,49.6698,49.6698,1123142.3905458
2015-11-23,49.7022,50.076,49.5953,50.0161,50.0161,1030754.0146216
2015-11-24,49.7111,49.9621,49.3903,49.8798,49.8798,716736.30124164
2015-11-25,50.0847,50.1094,49.4247,49.5395,49.5395,656413.99744059
2015-11-27,49.66,49.8219,49.3384,49.7179,49.7179,326792.96374637
2015-11-30,49.9287,50.0691,49.4148,49.7415,49.7415,1210857.4165634
2015-12-01,50.1112,50.4232,49.8974,50.4143,50.4143,828872.23119965
2015-12-02,50.3085,50.5095,49.9063,49.9808,49.9808,809331.63397889
2015-12-03,50.2094,50.2094,49.0333,49.2421,49.2421,987023.93807402
2015-12-04,49.4697,50.4653,49.4697,50.43,50.43,754625.70989763
2015-12-07,50.2741,50.4869,50.0789,50.3418,50.3418,833269.29885829
2015-12-08,50.019,50.2642,49.8562,50.0534,50.0534,624307.14564983
2015-12-09,49.8464,50.2574,49.2491,49.3884,49.3884,739871.62616106
2015-12-10,49.3962,49.4786,48.9656,49.202,49.202,508935.34906802
2015-12-11,48.6909,49.0872,48.323,48.4997,48.4997,603434.07279035
2015-12-14,48.7194,49.1539,48.2819,48.7508,48.7508,923068.16589008
2015-12-15,49.2392,49.5285,49.0832,49.3874,49.3874,1072986.4578766
2015-12-16,49.6767,50.1642,48.3515,50.1298,50.1298,1072139.2602823
2015-12-17,50.0671,50.0671,49.2549,49.304,49.304,777913.95857054
2015-12-18,49.0754,49.1794,47.8847,47.9181,47.9181,2387090.8563535
2015-12-21,48.174,48.4997,47.609,48.2112,48.2112,662377.00433494
2015-12-22,48.3515,49.1794,48.174,49.1009,49.1009,650078.87607941
2015-12-23,49.355,49.3697,48.8665,49.0754,49.0754,736660.22733779
2015-12-24,49.147,49.4776,48.9763,49.2853,49.2853,389086.96447574
2015-12-28,49.2236,49.6414,49.0216,49.6346,49.6346,412427.20722483
2015-12-29,49.8993,50.1946,49.6728,50.0387,50.0387,397917.80149385
2015-12-30,49.8837,50.1338,49.6198,49.6767,49.6767,328758.54372453
2015-12-31,49.6698,49.7276,48.8891,48.9068,48.9068,328413.95553335
2016-01-04,48.0328,48.1054,47.0626,47.5629,47.5629,710155.48238319
2016-01-05,47.5276,47.8562,47.353,47.8405,47.8405,582951.46524811
2016-01-06,47.1981,47.4207,46.9313,47.1901,47.1901,400217.77474631
2016-01-07,46.5164,46.7685,45.8994,46.1387,46.1387,674378.46050872
2016-01-08,46.5771,46.8165,45.8081,45.8994,45.8994,902038.09131035
2016-01-11,46.2642,46.7508,45.6904,46.1966,46.1966,535702.10338694
2016-01-12,46.329,46.6115,45.9504,46.5094,46.5094,457866.97133638
2016-01-13,46.7851,46.9076,45.5698,45.659,45.659,551329.89150177
2016-01-14,45.8905,46.8577,45.7091,46.4477,46.4477,751107.4440757
2016-01-15,45.5786,45.9072,45.0971,45.5609,45.5609,868482.54182822
2016-01-19,46.2642,46.2642,45.3785,45.659,45.659,766179.60921952
2016-01-20,45.1814,45.5521,44.3378,45.0146,45.0146,612028.38773641
2016-01-21,45.1539,45.4364,44.5458,44.7243,44.7243,643252.35972367
2016-01-22,45.1902,45.5561,44.9174,45.4452,45.4452,495963.33680543
2016-01-25,45.3785,45.4776,44.7243,44.7664,44.7664,725001.32037184
2016-01-26,44.8988,45.6257,44.8988,45.3972,45.3972,655788.02954297
2016-01-27,45.403,45.9975,45.0971,45.3119,45.3119,547852.40534744
2016-01-28,45.6511,46.2153,45.4913,46.0475,46.0475,536546.24250619
2016-01-29,46.2877,47.66,46.1799,47.6336,47.6336,793949.54336134
2016-02-01,47.66,48.0141,47.2215,47.7748,47.7748,547999.21215079
2016-02-02,47.7267,48.0612,46.8724,46.9891,46.9891,812371.75819824
2016-02-03,47.3452,47.5374,46.1966,47.0793,47.0793,785014.71819085
2016-02-04,47.4049,48.8449,46.9577,48.8008,48.8008,1068942.1343426
2016-02-05,48.9695,49.8592,48.9243,49.8013,49.8013,900774.94110654
2016-02-08,49.3942,50.4947,49.2471,50.3957,50.3957,844422.53794604
2016-02-09,49.8749,50.845,49.8749,50.6173,50.6173,1167533.0977085
2016-02-10,50.8488,50.9421,50.4722,50.6704,50.6704,802611.14475892
2016-02-11,49.8082,50.3015,49.2,49.9984,49.9984,510343.26709179
2016-02-12,50.6704,51.1902,50.4212,51.0579,51.0579,1399689.7063543
2016-02-16,51.5934,51.6542,50.7606,51.3383,51.3383,850477.29909249
2016-02-17,51.6767,51.7915,51.3296,51.6198,51.6198,1030317.6721783
2016-02-18,51.6444,51.6944,51.2804,51.6444,51.6444,643822.25557834
2016-02-19,51.562,51.868,51.356,51.7188,51.7188,787392.17281175
2016-02-22,52.2143,52.4712,51.9406,52.1407,52.1407,720891.74936977
2016-02-23,51.9151,52.1721,51.7669,51.8582,51.8582,1060021.5820559
2016-02-24,51.6022,52.129,51.2129,52.0102,52.0102,915981.67915342
2016-02-25,52.2947,52.7822,52.0397,52.6939,52.6939,1131817.2453353
2016-02-26,53.0176,53.0794,52.4271,52.5449,52.5449,757771.86125273
2016-02-29,52.6115,52.6115,51.9082,52.1917,52.1917,1005903.9046797
2016-03-01,52.5781,52.9852,52.3565,52.9656,52.9656,986096.20063619
2016-03-02,52.9558,53.1245,52.6939,53.1157,53.1157,1156984.4171928
2016-03-03,52.9754,53.3285,52.737,53.3128,53.3128,503712.49314053
2016-03-04,53.2148,53.3805,52.8617,53.3285,53.3285,608252.19051693
2016-03-07,53.0814,53.3893,52.8076,53.0657,53.0657,475211.58345705
2016-03-08,52.9008,53.1648,52.6939,52.9254,52.9254,971778.45934291
2016-03-09,53.1245,53.1814,52.5449,52.8921,52.8921,577931.48816693
2016-03-10,53.1481,53.2392,52.5948,52.9921,52.9921,2017468.0272219
2016-03-11,53.4119,54.4684,53.0411,54.4684,54.4684,759964.78787776
2016-03-14,54.4614,54.4781,53.6531,53.8739,53.8739,742571.24015598
2016-03-15,53.61,53.9749,53.454,53.819,53.819,786627.5540443
2016-03-16,53.7778,54.1593,53.6188,53.9975,53.9975,732742.32077343
2016-03-17,54.0162,54.5134,53.8278,54.3878,54.3878,1070171.6413207
2016-03-18,54.4222,54.4379,53.9975,54.3702,54.3702,3559420.6624631
2016-03-21,54.1122,54.5546,53.7219,54.3065,54.3065,826306.17061612
2016-03-22,54.1643,54.4693,54.0406,54.2457,54.2457,536292.3890754
2016-03-23,54.2711,54.3537,54.024,54.1986,54.1986,596001.97837081
2016-03-24,54.0946,54.2143,53.8278,53.9053,53.9053,691255.12594369
2016-03-28,54.077,54.3977,53.9553,54.3153,54.3153,423927.07348716
2016-03-29,54.2878,54.7714,54.2536,54.7528,54.7528,499774.19674236
2016-03-30,54.8882,54.9293,54.6547,54.8449,54.8449,649086.91066511
2016-03-31,54.8449,54.947,54.3467,54.4222,54.4222,715746.37481072
2016-04-01,54.3537,54.9715,54.2536,54.9206,54.9206,952659.93168179
2016-04-04,54.9647,54.9647,54.2378,54.5144,54.5144,368525.85607336
2016-04-05,54.1299,54.3878,53.7444,53.8239,53.8239,374119.80697597
2016-04-06,53.7287,54.3624,53.7219,54.3232,54.3232,505614.86463393
2016-04-07,54.0642,54.1299,53.3746,53.5483,53.5483,623383.48617877
2016-04-08,53.8709,54.1573,53.6394,53.8308,53.8308,395540.34687294
2016-04-11,54.0505,54.3801,53.8385,53.923,53.923,369017.25106791
2016-04-12,54.0328,54.7362,53.9729,54.6713,54.6713,498039.02188611
2016-04-13,54.8234,55.0293,54.3702,55.0118,55.0118,581016.47002064
2016-04-14,54.9549,55.0293,54.5812,54.7881,54.7881,340697.81090522
2016-04-15,54.7135,54.9647,54.6204,54.8549,54.8549,512113.1046655
2016-04-18,54.796,54.9206,54.4958,54.9117,54.9117,367242.31603575
2016-04-19,54.9549,55.0716,54.8234,54.9715,54.9715,340607.07614482
2016-04-20,54.947,55.0118,54.4301,54.6645,54.6645,279346.83998904
2016-04-21,54.3977,54.7205,53.2569,53.2971,53.2971,597023.50904412
2016-04-22,53.3815,53.9131,53.3815,53.7817,53.7817,418743.9777356
2016-04-25,53.6816,53.8651,53.1804,53.7542,53.7542,361797.21091987
2016-04-26,53.8385,54.1044,53.6571,53.7062,53.7062,849452.70994413
2016-04-27,54.9549,55.4432,54.4693,55.1952,55.1952,1312759.6889379
2016-04-28,54.7528,55.772,54.7528,55.046,55.046,578840.87475434
2016-04-29,54.947,55.1461,54.5546,54.9647,54.9647,654843.9802381
2016-05-02,54.8057,55.5228,54.7881,55.3884,55.3884,475159.58938087
2016-05-03,54.9391,55.4041,54.8636,55.3462,55.3462,395834.97997133
2016-05-04,54.9647,55.4806,54.6458,55.046,55.046,448146.11807297
2016-05-05,55.1628,55.5953,55.1628,55.4983,55.4983,395125.41375515
2016-05-06,55.3285,55.5953,54.6371,55.5953,55.5953,377706.37874112
2016-05-09,55.5296,56.1113,55.3884,56.0044,56.0044,497358.00143725
2016-05-10,56.2123,56.6547,56.1799,56.5624,56.5624,528842.96329713
2016-05-11,56.5557,56.6615,55.9308,55.9877,55.9877,354749.46486744
2016-05-12,56.1879,56.7283,56.0731,56.7283,56.7283,550287.97099467
2016-05-13,56.7852,56.845,56.2035,56.3633,56.3633,353754.44097806
2016-05-16,56.3703,56.7754,56.2947,56.5624,56.5624,445633.07105731
2016-05-17,56.3546,56.6018,55.4218,55.5453,55.5453,573318.28827003
2016-05-18,55.5228,56.5694,55.2207,56.4203,56.4203,984593.46988524
2016-05-19,56.1368,56.4036,55.8876,56.3271,56.3271,348884.32917531
2016-05-20,56.5624,56.8783,55.9043,56.7548,56.7548,444479.00646432
2016-05-23,56.7194,56.7615,56.1368,56.386,56.386,526035.2831831
2016-05-24,56.6018,57.41,56.5968,57.3785,57.3785,515152.20939316
2016-05-25,57.4698,57.5768,57.0362,57.2021,57.2021,507848.57092655
2016-05-26,57.2206,57.3629,56.944,57.152,57.152,383969.11619232
2016-05-27,57.2021,57.6846,57.0774,57.6846,57.6846,512513.76489964
2016-05-31,57.8788,58.0594,57.0686,57.5346,57.5346,793747.68400674
2016-06-01,57.41,57.8357,57.1697,57.7533,57.7533,440580.47024206
2016-06-02,57.6612,57.9681,57.4795,57.9681,57.9681,357170.75763101
2016-06-03,57.6679,57.9857,57.0873,57.8603,57.8603,465487.67171856
2016-06-06,57.8603,58.128,57.5601,57.7779,57.7779,322884.23260721
2016-06-07,57.769,57.976,57.7297,57.9259,57.9259,493474.75759033
2016-06-08,58.0681,58.4115,57.8357,58.4115,58.4115,559940.51831487
2016-06-09,58.4448,58.9558,58.2438,58.9009,58.9009,581467.08534758
2016-06-10,58.591,58.8931,58.2869,58.6831,58.6831,423554.95902034
2016-06-13,58.5693,58.7951,58.0191,58.0956,58.0956,556232.62703861
2016-06-14,58.1594,58.1594,57.818,58.0132,58.0132,571056.03621009
2016-06-15,57.976,58.0427,57.4698,57.5199,57.5199,528525.90138157
2016-06-16,57.4511,58.026,57.2452,58.026,58.026,492193.2565361
2016-06-17,57.8533,57.9112,57.3452,57.612,57.612,610220.82897017
2016-06-20,58.7851,58.9117,58.2976,58.4497,58.4497,643019.91561837
2016-06-21,58.5351,59.0686,58.4987,59.0265,59.0265,368912.24342385
2016-06-22,59.1206,59.4974,59.1206,59.1746,59.1746,350901.90322966
2016-06-23,59.5552,60.2271,59.2707,60.2173,60.2173,573224.49503456
2016-06-24,58.0623,59.5061,58.0211,58.8754,58.8754,743999.54801356
2016-06-27,58.5439,58.5498,57.77,58.2388,58.2388,881591.16597726
2016-06-28,58.5498,59.925,58.5252,59.8995,59.8995,556405.9406259
2016-06-29,60.3095,61.1334,60.2025,61.0892,61.0892,479180.46460592
2016-06-30,61.1982,62.7921,61.0402,62.7921,62.7921,928480.64727188
2016-07-01,62.8264,62.9177,62.3251,62.5939,62.5939,535724.53220412
2016-07-05,62.4899,62.7764,62.2987,62.7176,62.7176,612796.06497891
2016-07-06,62.3084,63.0775,62.1986,62.901,62.901,532839.37072164
2016-07-07,63.3198,63.3198,62.5841,62.8597,62.8597,467783.56700427
2016-07-08,63.3198,63.5297,62.901,63.4718,63.4718,480520.07668648
2016-07-11,63.9064,63.9064,63.5464,63.8563,63.8563,349376.74366154
2016-07-12,64.1673,64.2948,63.617,63.7974,63.7974,593118.85587172
2016-07-13,63.8838,64.1536,63.8288,63.8936,63.8936,488974.72127101
2016-07-14,64.8127,64.8127,64.0496,64.3595,64.3595,402253.69965109
2016-07-15,64.487,64.487,63.6405,63.6876,63.6876,801601.84798589
2016-07-18,63.512,63.7593,63.1197,63.3002,63.3002,772679.88823447
2016-07-19,63.0873,63.1933,62.7764,63.0177,63.0177,570481.04289697
2016-07-20,63.0598,63.2031,62.7253,62.8087,62.8087,484081.16115938
2016-07-21,62.5489,62.8843,61.9456,62.0966,62.0966,569861.19194949
2016-07-22,62.2633,62.8019,62.0966,62.8019,62.8019,390354.1926463
2016-07-25,62.5939,62.8764,62.5066,62.8343,62.8343,503182.35746177
2016-07-26,62.8019,63.1285,62.4507,62.7852,62.7852,693357.31780832
2016-07-27,62.7852,63.0873,62.1467,62.741,62.741,624398.89990194
2016-07-28,62.741,63.1844,62.741,63.0873,63.0873,501858.03775657
2016-07-29,63.0971,63.1933,62.5841,62.6342,62.6342,651294.11017379
2016-08-01,62.5841,62.9529,62.5674,62.9529,62.9529,577856.04578188
2016-08-02,63.001,63.0598,62.6655,62.7921,62.7921,504840.05094959
2016-08-03,62.9244,63.1589,62.5674,62.9431,62.9431,393951.97882005
2016-08-04,62.8166,63.0971,62.7852,62.9431,62.9431,409260.66603593
2016-08-05,63.1373,63.6788,63.0264,63.6788,63.6788,663891.96898616
2016-08-08,63.9241,63.9584,63.4807,63.7317,63.7317,365158.47502155
2016-08-09,63.6248,63.874,63.4129,63.6788,63.6788,529008.12095091
2016-08-10,63.723,63.8064,63.5072,63.723,63.723,346210.20247263
2016-08-11,63.9151,63.9151,63.6073,63.7593,63.7593,382590.76342753
2016-08-12,63.6073,63.7053,63.4905,63.5542,63.5542,313861.73115139
2016-08-15,63.4366,63.7827,63.3286,63.7053,63.7053,295604.67396825
2016-08-16,63.4366,63.6719,63.1589,63.1589,63.1589,307902.80222379
2016-08-17,62.9244,63.2796,62.8843,63.2472,63.2472,201140.61296335
2016-08-18,63.2629,63.8064,63.2629,63.8064,63.8064,232187.19339658
2016-08-19,63.6964,63.7974,63.0511,63.723,63.723,472327.44146626
2016-08-22,63.5297,63.8064,63.3002,63.723,63.723,335407.66852622
2016-08-23,63.8221,63.9741,63.5719,63.7141,63.7141,308971.22951483
2016-08-24,63.723,63.7897,63.4807,63.769,63.769,517736.62082712
2016-08-25,63.7897,64.5125,63.0264,64.4684,64.4684,352664.60436154
2016-08-26,64.4959,64.743,63.6474,63.8936,63.8936,512911.36665871
2016-08-29,63.8838,64.9049,63.8838,64.8627,64.8627,386141.65298355
2016-08-30,65.0893,65.0893,64.5301,64.8568,64.8568,392160.73192085
2016-08-31,64.6941,64.7823,64.2879,64.6548,64.6548,480350.84106595
2016-09-01,64.7891,64.9932,64.3096,64.7941,64.7941,344576.97678538
2016-09-02,65.1756,65.3071,64.6302,65.2737,65.2737,334414.68362023
2016-09-06,65.4502,65.4738,64.8068,65.2394,65.2394,460858.15995462
2016-09-07,64.954,65.2698,64.5586,65.1294,65.1294,395748.3231777
2016-09-08,64.9236,65.1933,64.8627,64.9383,64.9383,394833.83913182
2016-09-09,64.5448,64.7803,63.3002,63.3002,63.3002,467219.78809975
2016-09-12,63.2629,64.6302,63.2118,64.385,64.385,513436.40487902
2016-09-13,64.0584,64.0584,63.3453,63.4551,63.4551,876375.44649161
2016-09-14,63.4718,63.723,62.7253,62.8264,62.8264,546477.11105773
2016-09-15,62.8529,63.6474,62.7665,63.4993,63.4993,355968.77692859
2016-09-16,63.2031,63.459,62.4154,62.6577,62.6577,1793789.5114694
2016-09-19,63.004,63.721,62.9883,63.0903,63.0903,493421.74402245
2016-09-20,63.3051,63.5316,63.0197,63.0903,63.0903,319830.85499589
2016-09-21,63.2835,63.774,62.9803,63.774,63.774,451349.36096272
2016-09-22,64.0918,64.3115,63.8054,64.2271,64.2271,260149.81146779
2016-09-23,63.9584,64.0838,63.2502,63.2589,63.2589,314599.84313489
2016-09-26,62.7343,63.0628,62.7343,62.8087,62.8087,308238.21498977
2016-09-27,62.903,63.5189,62.7263,63.5189,63.5189,525279.83984086
2016-09-28,63.6945,64.5538,63.4247,64.0407,64.0407,246543.67537408
2016-09-29,63.7964,64.1369,62.7597,62.903,62.903,341403.29915465
2016-09-30,63.2972,63.8298,62.8863,63.6454,63.6454,537972.5113804
2016-10-03,63.2158,63.6709,62.5292,62.844,62.844,588708.53482111
2016-10-04,62.8784,62.903,61.7975,62.3134,62.3134,437332.36971796
2016-10-05,62.3526,62.7675,62.2036,62.4891,62.4891,342084.31960353
2016-10-06,62.2291,62.6655,61.9152,62.6086,62.6086,418657.32094195
2016-10-07,62.7096,63.6709,62.5831,63.4326,63.4326,547624.03920889
2016-10-10,63.6768,64.0918,63.6768,63.7396,63.7396,352518.81704989
2016-10-11,63.6945,63.6945,62.8617,62.9549,62.9549,406781.26224604
2016-10-12,63.0284,63.774,62.9264,63.5866,63.5866,236363.0313585
2016-10-13,63.1158,63.87,62.9187,63.614,63.614,276909.23535843
2016-10-14,64.0407,64.6342,63.9455,64.083,64.083,296569.11310691
2016-10-17,63.9741,64.0918,63.5954,63.774,63.774,256407.25747408
2016-10-18,64.3046,64.3046,63.3924,63.4963,63.4963,380432.49951998
2016-10-19,63.4326,63.6552,63.3051,63.46,63.46,306308.31722075
2016-10-20,63.1971,63.4022,61.5003,61.5434,61.5434,629840.94654274
2016-10-21,61.1972,61.3492,60.3693,60.3811,60.3811,919686.51195461
2016-10-24,60.7254,61.1216,60.4213,60.7097,60.7097,517742.73777725
2016-10-25,60.7793,60.8528,60.1191,60.5645,60.5645,862193.29759309
2016-10-26,61.2923,61.2923,59.5228,59.8298,59.8298,857730.9824663
2016-10-27,59.8739,60.9863,58.5665,58.8489,58.8489,997228.03039846
2016-10-28,59.1569,59.6708,58.7509,59.2237,59.2237,730984.7171
2016-10-31,59.4669,59.975,59.2413,59.7288,59.7288,1013019.9566754
2016-11-01,59.6032,59.8073,58.5488,58.6763,58.6763,911871.08865965
2016-11-02,58.7509,58.8587,57.8897,57.8897,57.8897,636780.62647604
2016-11-03,58.2349,58.7951,57.9651,58.2349,58.2349,466500.02696666
2016-11-04,58.381,58.381,57.4786,57.6052,57.6052,722551.48184096
2016-11-07,58.5331,58.743,57.9583,58.2732,58.2732,707432.4200794
2016-11-08,58.2094,58.7694,57.7964,58.7077,58.7077,733361.15222921
2016-11-09,58.743,59.5355,57.5346,59.1657,59.1657,1095770.0581631
2016-11-10,59.6798,60.7097,59.458,60.4919,60.4919,782007.21770558
2016-11-11,60.1849,60.6175,60.1358,60.3556,60.3556,470638.14373605
2016-11-14,60.5233,61.1049,60.2182,61.0873,61.0873,794739.64942103
2016-11-15,60.801,61.4335,60.743,61.2668,61.2668,765813.61170284
2016-11-16,61.1972,61.1972,60.4125,60.8961,60.8961,453851.19356978
2016-11-17,61.0314,62.4968,60.9284,62.4644,62.4644,788262.81871494
2016-11-18,62.4311,63.0628,62.1193,62.844,62.844,923002.91842193
2016-11-21,63.1707,63.3924,62.8273,63.3777,63.3777,911250.2182205
2016-11-22,63.7484,63.7621,63.2835,63.5287,63.5287,840043.82113783
2016-11-23,63.5287,64.0751,63.3502,64.0496,64.0496,726086.05952992
2016-11-25,64.1996,64.8362,64.127,64.7078,64.7078,445752.35158504
2016-11-28,64.7078,64.9118,64.3624,64.6342,64.6342,1009018.4517925
2016-11-29,64.8362,65.3512,64.4713,65.0707,65.0707,1008092.753338
2016-11-30,65.209,65.3434,64.5254,64.7587,64.7587,2109999.1319827
2016-12-01,64.9206,65.2678,64.6822,65.0794,65.0794,725261.29075276
2016-12-02,65.0794,65.1374,64.7165,64.8775,64.8775,554664.64881951
2016-12-05,65.1923,65.1923,64.5331,64.8362,64.8362,580808.49371589
2016-12-06,64.8539,65.0883,63.9995,65.0707,65.0707,782265.14910313
2016-12-07,65.1471,65.875,64.9363,65.8387,65.8387,812414.57684922
2016-12-08,65.8848,66.3007,65.5052,66.0338,66.0338,533824.1996941
2016-12-09,66.0338,66.2252,65.4081,66.0005,66.0005,610871.26466834
2016-12-12,65.5719,66.541,65.5719,66.5313,66.5313,713358.72527293
2016-12-13,66.8784,67.1727,65.8574,66.1271,66.1271,663891.96898616
2016-12-14,66.1271,66.2653,64.9804,65.106,65.106,622867.62338366
2016-12-15,65.2904,65.6299,64.7774,65.2168,65.2168,609516.36021243
2016-12-16,65.2257,65.2324,63.7573,63.8396,63.8396,2208274.0529244
2016-12-19,64.2654,65.0471,64.179,64.9343,64.9343,602845.82608527
2016-12-20,65.1835,65.2904,64.5586,64.9794,64.9794,469711.42578992
2016-12-21,65.054,65.2825,64.6803,64.7058,64.7058,554852.23529045
2016-12-22,64.7058,65.106,64.3743,64.7921,64.7921,362031.69400855
2016-12-23,64.6803,65.0286,64.5577,64.9598,64.9598,353619.868075
2016-12-27,65.2324,65.2747,64.7744,65.0286,65.0286,352137.52715786
2016-12-28,65.0471,65.1923,64.486,64.4949,64.4949,249366.64786347
2016-12-29,64.4096,64.8019,64.3487,64.4341,64.4341,350267.77939854
2016-12-30,64.4341,64.5371,64.1389,64.332,64.332,555289.59722543
2017-01-03,64.7656,65.1471,63.7387,64.3654,64.3654,575881.2903785
2017-01-04,64.6302,64.8245,64.283,64.6038,64.6038,508302.24472857
2017-01-05,64.5675,65.054,63.873,64.34,64.34,474913.8918836
2017-01-06,64.4007,64.5773,64.0103,64.3566,64.3566,398913.8448749
2017-01-09,64.0761,64.129,63.2639,63.2727,63.2727,444743.05481201
2017-01-10,63.1589,63.773,63.1275,63.2884,63.2884,366221.80485415
2017-01-11,63.2727,63.612,63.0,63.6023,63.6023,379558.7951417
2017-01-12,63.3561,63.7131,59.1853,59.3707,59.3707,1791763.7814815
2017-01-13,59.3306,60.1868,59.2629,59.5002,59.5002,1126633.1300921
2017-01-17,59.5424,60.129,59.0422,59.2285,59.2285,851642.57809408
2017-01-18,59.0833,59.9417,58.8136,59.9083,59.9083,634768.14988013
2017-01-19,59.8819,59.9083,59.0833,59.3541,59.3541,732315.15375535
2017-01-20,59.5258,59.9593,59.1933,59.6788,59.6788,640748.48813323
2017-01-23,59.6621,59.7818,58.9205,59.2187,59.2187,505156.09337347
2017-01-24,59.465,59.7022,59.3149,59.5169,59.5169,525543.88818855
2017-01-25,59.8377,60.4409,59.7896,60.3918,60.3918,455651.61589419
2017-01-26,60.2555,60.6547,59.8298,60.026,60.026,882096.83385545
2017-01-27,60.1712,60.1712,59.4727,59.976,59.976,610348.26543142
2017-01-30,59.8995,59.9504,59.2187,59.4827,59.4827,529220.17522241
2017-01-31,59.4502,59.9417,59.3276,59.9417,59.9417,1037199.2410853
2017-02-01,60.1466,60.3761,59.2629,59.5002,59.5002,604899.08234877
2017-02-02,59.0069,60.0348,59.0069,60.0024,60.0024,450684.65238088
2017-02-03,60.7057,60.9696,60.1623,60.6626,60.6626,718366.46845382
2017-02-06,60.4693,60.5959,60.0593,60.1201,60.1201,502046.6437192
2017-02-07,60.0857,60.3595,59.4914,59.8161,59.8161,603943.81863532
2017-02-08,59.8819,60.1378,59.6111,59.7366,59.7366,650583.52446592
2017-02-09,57.9632,59.7366,57.9544,59.6621,59.6621,870174.8980335
2017-02-10,59.6621,60.4605,59.6287,60.3497,60.3497,627698.99450222
2017-02-13,60.5685,61.156,60.3595,60.9333,60.9333,608714.02025246
2017-02-14,61.0118,61.5817,61.0021,61.4796,61.4796,512334.33436221
2017-02-15,61.309,61.8671,61.1892,61.8456,61.8456,522567.99194566
2017-02-16,61.8524,62.0839,61.6238,62.0741,62.0741,396217.28935506
2017-02-17,61.8945,61.9201,61.4444,61.7181,61.7181,500597.94602782
2017-02-21,61.9201,61.9956,61.4541,61.8671,61.8671,485617.53513609
2017-02-22,61.7857,62.1496,61.6503,61.9396,61.9396,454506.7267264
2017-02-23,61.9396,62.3703,61.7857,62.287,62.287,398332.73461164
2017-02-24,62.1407,62.4488,61.9201,62.4144,62.4144,363019.5814561
2017-02-27,62.5302,62.6361,61.8593,62.0456,62.0456,382084.07605766
2017-02-28,62.0456,62.2271,61.6984,61.9642,61.9642,463141.82134006
2017-03-01,62.9216,63.8927,62.9216,63.8211,63.8211,672589.25259291
2017-03-02,63.8465,63.9936,63.0755,63.1021,63.1021,522091.88932646
2017-03-03,62.9216,63.153,62.539,62.8146,62.8146,645826.57624073
2017-03-06,62.7106,62.8372,62.1163,62.1496,62.1496,555952.26682388
2017-03-07,61.7258,62.3703,61.7258,62.1407,62.1407,397270.42427075
2017-03-08,62.233,62.6352,61.7925,61.7925,61.7925,531713.85189596
2017-03-09,62.0387,62.4968,61.972,62.3517,62.3517,496963.45815324
2017-03-10,62.6253,62.8637,62.2271,62.8372,62.8372,446572.02290373
2017-03-13,62.7029,62.8049,62.4724,62.7695,62.7695,480239.71647175
2017-03-14,62.4891,63.2639,62.4576,62.9294,62.9294,505326.34848568
2017-03-15,63.1275,63.773,62.7106,63.6542,63.6542,704444.28993623
2017-03-16,63.5169,63.9427,63.2884,63.4395,63.4395,512266.02841899
2017-03-17,63.5846,63.9751,63.1187,63.8465,63.8465,1413382.4992417
2017-03-20,63.7964,64.0858,63.2247,63.4551,63.4551,463182.60100765
2017-03-21,63.7377,63.7377,62.1555,62.2241,62.2241,705375.08584913
2017-03-22,61.9839,62.4488,61.6033,62.1996,62.1996,529213.03878058
2017-03-23,62.2153,62.7892,62.0712,62.1898,62.1898,330390.74992011
2017-03-24,62.2398,62.3194,61.2678,61.4551,61.4551,581429.36415505
2017-03-27,60.7009,61.405,60.6086,61.2678,61.2678,427768.5181748
2017-03-28,61.2678,62.1378,61.0452,61.9839,61.9839,487538.2574799
2017-03-29,61.7877,61.9916,61.3335,61.3433,61.3433,348416.38248963
2017-03-30,61.2403,61.9082,61.2059,61.8396,61.8396,379585.30192565
2017-03-31,61.7455,62.1467,61.667,61.7877,61.7877,430713.82966698
2017-04-03,61.9249,62.0368,61.0195,61.1972,61.1972,452321.95603489
2017-04-04,61.0362,61.3865,60.8381,61.1785,61.1785,590341.76050836
2017-04-05,61.3022,61.3541,60.3938,60.54,60.54,592428.65999763
2017-04-06,60.5145,60.8705,60.1378,60.5724,60.5724,564920.73522013
2017-04-07,60.2231,61.0569,59.9514,60.0506,60.0506,901828.07602223
2017-04-10,60.1633,61.0285,60.0867,60.9078,60.9078,699181.67383285
2017-04-11,60.5223,61.1835,60.435,61.0362,61.0362,440753.78382934
2017-04-12,60.9313,60.9873,60.2751,60.5919,60.5919,455747.44811304
2017-04-13,60.5557,60.847,60.1427,60.2408,60.2408,459975.28015115
2017-04-17,60.386,61.2236,60.3722,61.2149,61.2149,445794.15074432
2017-04-18,60.693,60.7813,59.8288,60.3252,60.3252,774978.84199524
2017-04-19,60.6185,60.7813,59.6424,59.8809,59.8809,640908.54832854
2017-04-20,59.9161,60.3075,59.5464,60.233,60.233,760070.8150135
2017-04-21,60.1878,60.7725,59.821,60.0024,60.0024,688196.65087393
2017-04-24,60.9402,61.2325,60.7371,61.0942,61.0942,676986.32025153
2017-04-25,61.2766,61.8573,61.1717,61.405,61.405,520806.31030548
2017-04-26,61.414,62.1133,61.2845,61.4551,61.4551,732685.22923879
2017-04-27,61.5571,62.6596,61.1128,62.4488,62.4488,773612.72313075
2017-04-28,62.6596,62.6596,61.5924,61.6346,61.6346,1136318.3011464
2017-05-01,61.7455,61.8935,60.3938,60.8028,60.8028,974007.06817709
2017-05-02,61.1305,61.1883,60.6832,60.7548,60.7548,529866.53295381
2017-05-03,60.8204,61.4365,60.5822,60.8558,60.8558,910603.86048909
2017-05-04,60.9235,61.3502,60.3429,60.6665,60.6665,927642.62510276
2017-05-05,60.95,60.9834,60.3006,60.5557,60.5557,664206.99191836
2017-05-08,60.6185,60.7009,59.7533,59.7798,59.7798,511992.8046461
2017-05-09,59.8729,60.0348,58.8048,58.9832,58.9832,728887.62269383
2017-05-10,58.9657,59.5552,58.8901,59.1726,59.1726,820492.00950849
2017-05-11,58.8804,59.514,58.8136,59.3187,59.3187,693593.83988039
2017-05-12,59.0539,59.6758,58.9922,59.0441,59.0441,596813.49375599
2017-05-15,59.0618,59.6846,59.0618,59.5228,59.5228,704006.92800126
2017-05-16,59.514,59.6503,59.1883,59.2736,59.2736,409722.49577146
2017-05-17,58.6341,58.9922,58.5655,58.7253,58.7253,863678.69698531
2017-05-18,58.7871,59.465,58.5566,58.9735,58.9735,857828.85366852
2017-05-19,59.1216,59.465,58.797,59.0246,59.0246,610890.63501045
2017-05-22,59.206,59.5464,59.0441,59.4473,59.4473,406499.88253961
2017-05-23,59.6179,59.7003,59.2579,59.4787,59.4787,474315.4502616
2017-05-24,59.668,59.8249,59.411,59.5895,59.5895,354124.51646151
2017-05-25,59.6935,60.2918,59.6268,60.233,60.233,590203.10963854
2017-05-26,60.13,60.233,59.7131,59.7709,59.7709,510143.44672057
2017-05-30,59.5552,59.6503,59.1118,59.4473,59.4473,566349.04307771
2017-05-31,59.6846,59.9936,59.3011,59.9161,59.9161,934138.82615096
2017-06-01,59.8367,60.643,59.7612,60.643,60.643,644151.55139418
2017-06-02,60.6086,60.7283,60.3115,60.4635,60.4635,563192.69680571
2017-06-05,60.2918,60.5822,60.0957,60.1378,60.1378,546579.06022673
2017-06-06,59.8053,60.1378,59.3658,59.4021,59.4021,631125.50607204
2017-06-07,59.6082,59.6268,59.2403,59.4698,59.4698,733833.17688164
2017-06-08,59.6179,60.3252,59.5051,60.2408,60.2408,638587.16575059
2017-06-09,60.3713,61.3963,60.3713,61.3669,61.3669,611615.49360198
2017-06-12,61.3169,62.4881,61.2334,62.4291,62.4291,836189.12305822
2017-06-13,62.6665,62.6665,62.0005,62.3104,62.3104,579295.56804806
2017-06-14,62.1633,62.6253,61.9249,62.4566,62.4566,464112.37742886
2017-06-15,62.0427,63.2345,62.0427,63.1707,63.1707,456253.11599124
2017-06-16,63.2061,63.2512,62.6862,63.052,63.052,1041825.6943742
2017-06-19,63.1981,63.3002,62.7009,62.9235,62.9235,539251.97345126
2017-06-20,62.8107,62.9235,62.2703,62.3057,62.3057,453911.34357948
2017-06-21,62.3379,62.4341,61.5817,61.6513,61.6513,434447.20823548
2017-06-22,61.5904,61.7268,61.255,61.512,61.512,461368.92529127
2017-06-23,61.6071,61.7367,61.1177,61.3139,61.3139,645343.33717971
2017-06-26,61.3394,62.0073,61.3139,61.9436,61.9436,371624.09131904
2017-06-27,62.0103,62.2703,61.563,61.9092,61.9092,438371.23174999
2017-06-28,62.2957,62.7793,61.9603,62.4527,62.4527,369969.45630629
2017-06-29,62.7872,63.001,61.9779,62.3379,62.3379,584138.15357518
2017-06-30,62.743,62.7695,62.1193,62.3635,62.3635,798121.3033565
2017-07-03,62.7872,63.9995,62.7872,62.9235,62.9235,526389.04679949
2017-07-05,63.1413,63.1413,62.1643,62.4615,62.4615,528748.15056997
2017-07-06,62.4242,62.5105,61.9936,62.1496,62.1496,669507.32921426
2017-07-07,62.3536,62.8823,62.0898,62.5439,62.5439,589406.8866287
2017-07-10,62.4154,62.5537,62.0721,62.1073,62.1073,621050.88919222
2017-07-11,62.0721,62.2026,61.6336,61.8396,61.8396,450450.1692922
2017-07-12,61.873,62.0054,61.666,61.9603,61.9603,454765.67761564
2017-07-13,62.0721,62.6322,61.7268,62.4085,62.4085,479375.18751869
2017-07-14,62.1741,62.8049,61.873,62.5714,62.5714,392079.17258566
2017-07-17,62.5105,62.8293,62.1927,62.6058,62.6058,536889.8112057
2017-07-18,62.28,62.4841,61.9358,62.2957,62.2957,452983.60614166
2017-07-19,62.3144,63.2071,62.234,63.105,63.105,446925.78652013
2017-07-20,63.1227,63.7778,62.795,63.7524,63.7524,456286.75921701
2017-07-21,63.623,64.2123,63.623,64.0603,64.0603,447509.95525846
2017-07-24,64.1222,64.8499,64.0761,64.7843,64.7843,447394.7526975
2017-07-25,65.2463,65.3787,64.9216,65.1531,65.1531,604727.80774487
2017-07-26,65.2384,65.2384,64.3831,64.5488,64.5488,494187.38228158
2017-07-27,64.6381,65.0657,64.1722,64.696,64.696,705629.95877161
2017-07-28,64.696,65.3071,64.5851,65.2541,65.2541,430932.00088862
2017-07-31,65.3355,65.7867,65.2384,65.5591,65.5591,678153.6382365
2017-08-01,65.7141,66.0348,65.3355,65.8417,65.8417,744992.53291955
2017-08-02,66.1849,66.9422,65.8417,66.4527,66.4527,721070.1604155
2017-08-03,70.5705,70.5705,67.8309,69.311,69.311,1212486.5642839
2017-08-04,69.7063,69.8436,68.8637,69.1218,69.1218,622638.23775344
2017-08-07,69.1816,69.3286,68.6567,68.7863,68.7863,598848.39916908
2017-08-08,68.8558,69.4415,68.5773,68.648,68.648,623887.11507359
2017-08-09,68.4165,69.1649,68.184,69.1482,69.1482,417743.85638778
2017-08-10,69.0805,69.1649,68.3488,68.5372,68.5372,461105.89643527
2017-08-11,68.8029,69.0089,67.923,68.0016,68.0016,413866.729491
2017-08-14,68.5547,68.7941,68.3311,68.4576,68.4576,580130.53174209
2017-08-15,68.648,68.7078,68.1575,68.3821,68.3821,471023.51159484
2017-08-16,68.3488,68.7263,68.0173,68.0976,68.0976,484734.65533262
2017-08-17,68.027,68.1477,66.7627,66.8411,66.8411,524528.47446539
2017-08-18,66.6783,67.0972,66.0927,66.5724,66.5724,794616.29092655
2017-08-21,66.6607,66.6607,65.8966,66.2663,66.2663,767945.36882646
2017-08-22,66.489,66.7892,66.1192,66.6852,66.6852,692463.22359626
2017-08-23,66.3145,66.5626,66.0829,66.1516,66.1516,425765.21700409
2017-08-24,66.2586,66.4007,65.722,65.7867,65.7867,442886.56044466
2017-08-25,66.0829,66.8324,66.0231,66.6783,66.6783,385080.36213433
2017-08-28,66.7892,66.8088,65.9613,66.3596,66.3596,444364.82339504
2017-08-29,66.0476,66.3673,65.9368,66.0927,66.0927,358313.6078154
2017-08-30,66.0064,66.4106,65.8779,66.1359,66.1359,417181.09697494
2017-08-31,66.2105,66.3673,66.0162,66.1438,66.1438,505177.50269896
2017-09-01,66.4203,66.7627,66.1359,66.2486,66.2486,474446.9646896
2017-09-05,66.2301,66.2301,64.1947,64.3605,64.3605,641092.05683274
2017-09-06,64.5087,65.1717,64.232,64.6646,64.6646,712936.65571329
2017-09-07,64.6214,64.6214,62.7343,63.4159,63.4159,866758.58138057
2017-09-08,63.1981,65.3954,63.1981,65.2237,65.2237,743391.93096637
2017-09-11,65.6013,66.3596,65.5072,65.8691,65.8691,597128.51668819
2017-09-12,65.7141,66.0162,65.4188,65.979,65.979,457353.14752467
2017-09-13,65.8504,65.9437,65.2737,65.3699,65.3699,586650.18109915
2017-09-14,65.3071,65.4278,64.7754,65.0933,65.0933,536448.37130397
2017-09-15,65.0256,65.2384,64.3684,64.7469,64.7469,1612124.2482586
2017-09-18,65.0079,65.669,64.5753,65.4895,65.4895,821446.25373024
2017-09-19,65.6788,65.8053,65.2904,65.4552,65.4552,473977.99851224
2017-09-20,65.5238,65.7671,65.2463,65.7043,65.7043,357845.66112974
2017-09-21,65.8151,66.1545,64.7362,65.4875,65.4875,342892.77651363
2017-09-22,65.4345,65.8514,65.4051,65.7504,65.7504,257412.47628035
2017-09-25,65.5758,66.2429,65.4777,66.1291,66.1291,325880.51868389
2017-09-26,66.1221,66.4586,65.5179,65.9985,65.9985,478060.0432387
2017-09-27,66.4586,66.8745,66.0505,66.6313,66.6313,448968.84786674
2017-09-28,66.4243,67.1914,66.3105,67.0472,67.0472,375543.0173751
2017-09-29,66.9961,66.9961,66.2144,66.3449,66.3449,640574.15505425
2017-10-02,66.2429,67.2198,66.0692,67.151,67.151,383953.82381697
2017-10-03,66.8049,67.055,66.388,66.8568,66.8568,479775.84775284
2017-10-04,66.7361,67.1864,66.3645,67.0472,67.0472,362948.2170378
2017-10-05,67.2198,67.3816,66.7528,67.055,67.055,385152.74604432
2017-10-06,67.1864,67.3502,66.2429,66.4586,66.4586,648287.62918021
2017-10-09,66.5979,66.7127,66.0682,66.1624,66.1624,349585.73945797
2017-10-10,66.077,66.8834,66.077,66.8225,66.8225,368573.77218279
2017-10-11,66.7784,66.9177,66.3959,66.6665,66.6665,397367.27598129
2017-10-12,66.536,66.6313,65.4444,65.7877,65.7877,608430.60156267
2017-10-13,65.7976,66.7685,65.6513,66.2614,66.2614,454285.49702969
2017-10-16,66.4586,66.9676,65.9633,66.2144,66.2144,559956.8301819
2017-10-17,66.2938,66.3027,65.6592,65.7877,65.7877,355419.27090772
2017-10-18,65.9457,66.0603,65.5837,65.8514,65.8514,451434.99826467
2017-10-19,65.6356,66.077,65.4131,66.0181,66.0181,610138.25014329
2017-10-20,66.4243,66.5008,65.7809,66.2526,66.2526,715797.34939522
2017-10-23,66.3359,66.3359,65.7043,65.9544,65.9544,355996.30320421
2017-10-24,65.9985,66.1889,65.6209,66.077,66.077,785114.62837646
2017-10-25,66.0084,66.0318,65.2287,65.6356,65.6356,429574.03795765
2017-10-26,65.8427,66.2898,65.3502,65.8701,65.8701,480206.07324598
2017-10-27,64.95,65.922,61.0844,61.5444,61.5444,1370396.6516278
2017-10-30,61.2609,62.0387,60.897,61.0078,61.0078,763238.3756941
2017-10-31,60.8881,61.2511,60.7136,60.799,60.799,751515.24075166
2017-11-01,60.8794,61.6238,60.8333,61.2698,61.2698,652053.63148279
2017-11-02,61.3266,62.9137,61.2903,62.8706,62.8706,1178310.1443626
2017-11-03,62.7862,63.1804,62.1859,62.8803,62.8803,938529.77685945
2017-11-06,62.6802,63.8318,62.439,63.4865,63.4865,608837.37874695
2017-11-07,63.3012,64.179,62.8166,63.1148,63.1148,626731.49688848
2017-11-08,63.1413,63.5209,62.8549,62.9922,62.9922,442294.23577282
2017-11-09,62.9225,63.4865,62.6979,63.3394,63.3394,460337.19970107
2017-11-10,63.3208,64.0918,62.9304,63.5993,63.5993,568488.95613486
2017-11-13,63.4777,63.8318,63.2619,63.511,63.511,777817.10685999
2017-11-14,63.3208,64.231,62.9843,64.1712,64.1712,506145.0003127
2017-11-15,64.0673,64.5665,63.5993,64.2114,64.2114,526161.70015263
2017-11-16,64.2673,64.3684,63.5042,63.7661,63.7661,727052.53765196
2017-11-17,64.0496,64.0496,63.3905,63.6514,63.6514,2968755.723089
2017-11-20,63.6749,63.9024,63.3835,63.6415,63.6415,605158.03323801
2017-11-21,63.9103,64.083,63.5768,63.6514,63.6514,521153.95697174
2017-11-22,63.5209,63.5209,62.8273,62.9588,62.9588,506696.54531695
2017-11-24,62.9686,63.0187,62.6979,62.8273,62.8273,217089.54096051
2017-11-27,63.0187,63.7563,62.8559,63.617,63.617,484729.55787417
2017-11-28,63.6082,64.3958,63.3659,64.336,64.336,557573.25861085
2017-11-29,64.336,65.2963,64.2477,64.8715,64.8715,638016.25040423
2017-11-30,65.1511,65.8317,64.6214,65.1883,65.1883,864745.08529297
2017-12-01,65.4208,65.6316,63.6759,65.0039,65.0039,599900.51459308
2017-12-04,65.4385,66.4312,65.055,65.7553,65.7553,547761.67058703
2017-12-05,65.8956,65.8956,64.7951,64.8813,64.8813,469492.23507659
2017-12-06,64.9952,65.4709,64.8382,64.95,64.95,393003.85154842
2017-12-07,64.8038,65.2139,64.5743,64.6881,64.6881,469407.61726632
2017-12-08,64.6969,64.9323,64.4203,64.898,64.898,392825.44050269
2017-12-11,64.8813,65.0638,64.5331,65.0393,65.0393,402176.21828266
2017-12-12,64.9323,65.2463,64.898,64.9882,64.9882,433800.85050407
2017-12-13,65.0726,65.0726,63.9995,64.2811,64.2811,735607.09242211
2017-12-14,64.4017,64.5645,63.2864,63.3825,63.3825,539455.87178924
2017-12-15,63.4669,65.0128,63.409,64.7951,64.7951,1768113.6132586
2017-12-18,65.109,65.6032,64.8813,65.055,65.055,508166.65233381
2017-12-19,65.207,65.309,64.4576,64.6087,64.6087,575002.48854178
2017-12-20,64.8108,65.0196,64.3517,64.5037,64.5037,555589.32778227
2017-12-21,64.6714,64.9313,64.5448,64.6861,64.6861,425487.91526444
2017-12-22,64.8706,65.0638,64.5371,64.9775,64.9775,324498.08795236
2017-12-26,65.1001,65.5306,64.8803,65.2237,65.2237,302649.36154561
2017-12-27,65.3551,65.6602,65.0128,65.4689,65.4689,254184.76559005
2017-12-28,65.4689,65.9584,64.23,65.9348,65.9348,388488.52285375
2017-12-29,66.1368,66.3369,65.7809,65.8357,65.8357,448888.30802323
2018-01-02,66.1879,66.3459,63.7023,64.177,64.177,734886.31179733
2018-01-03,64.1692,64.3173,63.5287,63.9241,63.9241,608095.18879668
2018-01-04,63.8435,64.8029,63.7387,64.6528,64.6528,708751.64232617
2018-01-05,64.8108,65.055,64.4576,64.9872,64.9872,491337.90300824
2018-01-08,64.8275,65.0128,64.3614,64.6861,64.6861,533599.91152232
2018-01-09,64.7754,65.5219,64.2016,64.2929,64.2929,773807.44604352
2018-01-10,64.2016,64.5037,63.361,63.3962,63.3962,626224.80951858
2018-01-11,63.4836,64.0761,63.3875,63.9054,63.9054,627452.27751325
2018-01-12,64.0731,65.1157,63.7827,65.0128,65.0128,429159.10483985
2018-01-16,65.2237,65.5306,64.8559,65.1619,65.1619,674322.38846577
2018-01-17,65.5131,66.1202,65.4315,65.9181,65.9181,490279.67063411
2018-01-18,65.7828,66.1271,65.6523,65.7426,65.7426,457642.68316461
2018-01-19,65.9505,66.3899,65.5925,66.0044,66.0044,505437.47307989
2018-01-22,66.1448,66.8352,66.0927,66.6803,66.6803,484607.21887138
2018-01-23,66.6371,68.0781,66.6371,67.6288,67.6288,794140.18830735
2018-01-24,68.3841,68.5342,67.6033,67.8309,67.8309,617919.01072078
2018-01-25,67.8583,68.1918,67.4611,67.8142,67.8142,440030.96422118
2018-01-26,68.0417,68.3233,67.7348,68.0692,68.0692,488744.31614909
2018-01-29,68.0507,68.1771,67.1904,67.261,67.261,525426.6466442
2018-01-30,67.155,68.0604,66.9971,67.0835,67.0835,545543.25666977
2018-01-31,67.1992,68.0878,66.8735,67.5317,67.5317,1244347.7185773
2018-02-01,67.2963,67.8662,67.0168,67.7681,67.7681,535800.99408087
2018-02-02,67.5759,68.2184,67.0168,67.0746,67.0746,501357.46733682
2018-02-05,66.6803,67.0922,64.177,64.4498,64.4498,1088119.7925219
2018-02-06,63.5366,64.2203,61.4561,63.7573,63.7573,1312921.7881166
2018-02-07,63.465,64.846,63.465,63.7917,63.7917,1181434.8863922
2018-02-08,64.6361,65.0393,61.7268,61.7719,61.7719,1171951.5746925
2018-02-09,62.4488,63.6837,61.3541,63.3512,63.3512,1517616.3491111
2018-02-12,63.8505,66.0575,63.2512,65.2658,65.2658,1219976.7697298
2018-02-13,64.8186,65.2914,64.336,64.9578,64.9578,579991.88087227
2018-02-14,64.7302,66.4517,63.7494,66.3645,66.3645,653607.33681823
2018-02-15,66.6194,67.0658,66.1879,66.9088,66.9088,572520.02627681
2018-02-16,66.7067,68.0221,66.6803,67.7681,67.7681,613569.85917156
2018-02-20,66.4792,67.7955,66.4792,66.4792,66.4792,429439.46505457
2018-02-21,66.5489,67.4611,66.3115,66.3369,66.3369,473930.08240281
2018-02-22,66.436,67.4434,65.6523,65.7906,65.7906,452063.00514566
2018-02-23,66.0388,66.593,65.5582,66.5646,66.5646,388748.49323468
2018-02-26,66.7431,67.875,66.3183,67.8486,67.8486,519785.79912386
2018-02-27,67.6916,68.3233,66.6283,66.6371,66.6371,677863.08310487
2018-02-28,66.9265,67.4013,65.5042,65.5042,65.5042,604039.65085416
2018-03-01,65.6886,66.1702,64.1085,64.4056,64.4056,545380.13799939
2018-03-02,63.5797,65.6886,63.5189,65.5219,65.5219,875216.28444017
2018-03-05,65.3385,66.9785,65.1344,66.646,66.646,575662.09966516
2018-03-06,66.7518,66.8402,65.9947,66.7765,66.7765,472939.13648021
2018-03-07,66.1614,66.7941,66.1368,66.4959,66.4959,657902.45530788
2018-03-08,66.4881,66.6194,65.6003,66.0927,66.0927,558303.21466084
2018-03-09,66.4792,67.7259,65.828,67.6542,67.6542,629112.00998444
2018-03-12,67.6632,67.6632,65.5306,66.075,66.075,630812.52212323
2018-03-13,66.4429,66.6371,65.7239,65.9348,65.9348,568512.40444373
2018-03-14,66.2752,66.2752,64.7568,65.0294,65.0294,595946.92581956
2018-03-15,65.2658,65.7524,64.897,65.2472,65.2472,853631.60638112
2018-03-16,65.3188,66.4273,65.2472,65.977,65.977,2840007.1760437
2018-03-19,65.67,66.3183,65.5483,65.9584,65.9584,782424.18980675
2018-03-20,66.1458,67.0482,65.926,66.6852,66.6852,643036.22748542
2018-03-21,66.8451,67.261,66.5617,66.8186,66.8186,604912.33574074
2018-03-22,66.2349,66.6508,64.9079,64.951,64.951,604975.54422553
2018-03-23,65.2874,66.5243,63.2188,63.3335,63.3335,603406.54651473
2018-03-26,64.0594,64.8372,63.4581,64.6861,64.6861,706926.7522012
2018-03-27,64.8715,65.5895,64.3153,64.6793,64.6793,569881.5817833
2018-03-28,64.8118,65.817,64.4655,65.3238,65.3238,621212.98837091
2018-03-29,65.827,66.288,64.7038,65.6778,65.6778,491354.21487529
2018-04-02,65.5003,65.6945,62.9803,64.0055,64.0055,565896.38876739
2018-04-03,64.3948,65.36,64.2811,64.9971,64.9971,570738.97429453
2018-04-04,64.3948,65.5179,64.1035,65.36,65.36,599705.7916803
2018-04-05,65.5895,66.0937,65.3011,65.7583,65.7583,614281.46437113
2018-04-06,65.2874,66.0485,64.2457,64.5606,64.5606,841042.92299395
2018-04-09,64.7666,65.2963,64.1133,64.3586,64.3586,544809.22265302
2018-04-10,64.8882,65.5179,64.7302,64.9256,64.9256,466481.67611624
2018-04-11,64.9256,66.3312,64.4655,64.9256,64.9256,372109.36936344
2018-04-12,65.3679,65.7896,65.2187,65.4288,65.4288,279056.28485741
2018-04-13,65.8642,65.9083,64.7038,65.0324,65.0324,405630.25612812
2018-04-16,65.5278,66.385,64.847,66.1026,66.1026,608079.89642133
2018-04-17,66.6773,66.8892,65.7896,65.8818,65.8818,459119.92662331
2018-04-18,66.0937,66.4919,65.668,65.9427,65.9427,397769.9751988
2018-04-19,65.926,66.6597,65.2511,66.3673,66.3673,339069.68267642
2018-04-20,66.6234,66.9158,66.1281,66.5694,66.5694,441628.50769929
2018-04-23,66.8529,66.9961,66.1458,66.9667,66.9667,446010.28298259
2018-04-24,67.155,67.1815,65.8642,66.288,66.288,490360.21047761
2018-04-25,66.3586,66.5479,65.4121,66.1722,66.1722,509091.33129657
2018-04-26,64.1908,65.9485,62.1643,63.1814,63.1814,1672711.619899
2018-04-27,63.006,63.5464,62.5998,63.1914,63.1914,816837.13180011
2018-04-30,63.3335,63.6267,62.2026,62.2094,62.2094,1284114.0114345
2018-05-01,62.1056,63.0412,61.9182,62.9539,62.9539,738265.92674943
2018-05-02,62.7842,62.9087,61.5385,61.6533,61.6533,997179.09479734
2018-05-03,61.4227,61.9495,60.4311,61.3335,61.3335,841537.37646356
2018-05-04,60.9726,62.5008,60.688,61.9182,61.9182,685632.62927378
2018-05-07,62.0495,62.6253,61.5464,61.7328,61.7328,550003.53281317
2018-05-08,61.7524,62.1397,61.511,62.0692,62.0692,615602.72560127
2018-05-09,62.3595,63.157,62.1143,62.9803,62.9803,617990.37513908
2018-05-10,63.103,63.8455,62.749,63.5807,63.5807,645432.03295673
2018-05-11,63.6082,63.9691,62.9932,63.5719,63.5719,399397.08393593
2018-05-14,63.7308,63.7308,62.3174,62.4057,62.4057,582175.63207208
2018-05-15,62.2633,62.9441,62.2359,62.6969,62.6969,517037.24952783
2018-05-16,62.7862,63.0765,62.4419,62.5821,62.5821,441474.56445412
2018-05-17,62.6616,62.7862,62.3595,62.6969,62.6969,343688.99952346
2018-05-18,62.7323,62.8873,62.3497,62.5557,62.5557,366943.6049706
2018-05-21,62.8569,63.1933,62.5272,63.0501,63.0501,650118.63625531
2018-05-22,63.1648,63.5807,62.9883,63.1914,63.1914,293592.19737234
2018-05-23,62.998,63.1914,62.3331,62.6891,62.6891,330721.06522765
2018-05-24,62.5105,62.5812,61.9182,62.2899,62.2899,747522.91129393
2018-05-25,62.3094,62.5459,62.0339,62.282,62.282,349412.42587068
2018-05-29,61.8299,61.8484,60.3899,60.5929,60.5929,685499.0758624
2018-05-30,60.9814,62.3418,60.9028,61.9976,61.9976,500527.60110121
2018-05-31,61.9642,61.9642,60.7165,61.3522,61.3522,1100479.0902788
2018-06-01,61.8838,62.592,61.8161,62.0692,62.0692,647282.41037394
2018-06-04,62.0869,62.4841,62.0339,62.1221,62.1221,443995.76740329
2018-06-05,62.0956,62.1056,61.1324,61.9102,61.9102,583924.0603203
2018-06-06,62.0692,62.4507,61.6366,62.2536,62.2536,389309.21366413
2018-06-07,62.4654,62.6616,61.8553,62.592,62.592,329314.16669555
2018-06-08,62.5998,63.1128,62.3958,63.0412,63.0412,596907.28699146
2018-06-11,63.209,63.209,62.1397,62.3772,62.3772,318456.58019787
2018-06-12,62.3094,62.4752,61.3933,61.9642,61.9642,558620.27657641
2018-06-13,62.1643,62.3772,61.4414,61.6189,61.6189,486703.29378586
2018-06-14,61.8484,61.8484,60.9186,60.9549,60.9549,459946.73438384
2018-06-15,60.7165,61.1226,60.2741,61.0168,61.0168,1256370.5840767
2018-06-18,60.8764,61.0697,60.2388,61.0255,61.0255,593299.30590083
2018-06-19,60.8568,61.463,60.8568,61.2845,61.2845,542345.11123847
2018-06-20,61.4875,61.4875,60.9891,61.0432,61.0432,595489.17405078
2018-06-21,61.0255,61.1698,60.2408,60.4016,60.4016,416393.02989863
2018-06-22,60.8019,61.1422,60.5439,60.9088,60.9088,939971.338109
2018-06-25,60.8274,61.3629,60.4448,60.8019,60.8019,507615.10732956
2018-06-26,60.9176,61.0569,59.7641,59.8387,59.8387,753736.71314401
2018-06-27,59.8572,60.2948,59.1187,59.1187,59.1187,542934.37743525
2018-06-28,59.154,60.0701,59.1187,59.8572,59.8572,305452.9636929
2018-06-29,60.1084,60.6165,59.3483,59.5895,59.5895,687288.28377821
2018-07-02,59.3403,60.5518,59.3247,59.6965,59.6965,424089.17266585
2018-07-03,59.8475,60.5008,59.8475,60.0348,60.0348,223938.48613342
2018-07-05,60.2584,60.2584,59.7141,60.1604,60.1604,424748.78378923
2018-07-06,60.1868,61.2119,60.08,60.9088,60.9088,495041.71631774
2018-07-09,61.1422,62.2546,61.1422,62.2026,62.2026,680841.01833114
2018-07-10,62.2742,62.3713,61.5787,62.283,62.283,645512.57280024
2018-07-11,60.9539,62.4772,60.9539,62.2026,62.2026,352806.31370645
2018-07-12,62.6645,62.6645,61.9711,62.0682,62.0682,399229.88729878
2018-07-13,61.7288,62.2369,61.5414,62.0397,62.0397,423895.46924477
2018-07-16,62.1643,62.8882,62.1046,62.8706,62.8706,401602.24446124
2018-07-17,63.0207,63.1295,62.7126,62.8794,62.8794,363911.63668478
2018-07-18,62.9147,63.6984,62.8529,63.5473,63.5473,453366.93501706
2018-07-19,63.4404,63.565,62.5223,62.6205,62.6205,560176.02089523
2018-07-20,62.3615,63.1197,62.2369,63.0117,63.0117,470610.61746042
2018-07-23,63.1482,63.3423,62.7186,63.1804,63.1804,428563.72169293
2018-07-24,63.4062,63.5032,62.745,63.0481,63.0481,568115.82217634
2018-07-25,63.0481,63.7073,62.4615,63.5473,63.5473,691587.48023461
2018-07-26,63.6729,64.6636,62.8794,64.44,64.44,716445.74611
2018-07-27,66.8461,68.6362,65.8093,66.3449,66.3449,1464317.3235619
2018-07-30,66.4527,67.8259,66.3772,67.2021,67.2021,810875.14439744
2018-07-31,67.5513,67.7367,66.7254,67.4072,67.4072,2691162.4088066
2018-08-01,67.3718,67.8083,66.7558,67.0668,67.0668,671900.0762105
2018-08-02,66.8461,67.3885,66.2026,67.0668,67.0668,484230.00694611
2018-08-03,67.103,67.3816,66.7558,67.3257,67.3257,373689.58148282
2018-08-06,67.3169,67.9682,67.2021,67.7014,67.7014,415386.79160068
2018-08-07,66.8461,67.3885,66.7441,66.8902,66.8902,668105.52814062
2018-08-08,66.9343,67.0844,66.2938,66.9168,66.9168,321508.93831749
2018-08-09,67.0335,67.2914,66.7107,66.8461,66.8461,410311.76196824
2018-08-10,66.3359,66.5861,65.8564,66.3027,66.3027,473579.37726148
2018-08-13,66.3359,66.5243,65.5895,65.6778,65.6778,433923.18950686
2018-08-14,65.7906,66.4802,65.6326,66.2301,66.2301,393241.39311217
2018-08-15,65.8661,66.5517,65.7043,66.3449,66.3449,275663.41651335
2018-08-16,66.5597,67.5317,66.5597,67.103,67.103,322327.5901445
2018-08-17,67.1844,67.6562,67.1216,67.5141,67.5141,342793.88581971
2018-08-20,67.6936,68.1555,67.5042,67.8623,67.8623,464028.77911028
2018-08-21,67.87,68.2095,67.7622,68.1193,68.1193,321922.85194361
2018-08-22,68.1094,68.1741,67.619,67.7533,67.7533,308868.26085414
2018-08-23,60.7136,67.8966,60.7136,67.87,67.87,365038.17500214
2018-08-24,68.2095,68.2448,67.8339,68.1741,68.1741,290724.36724858
2018-08-27,68.4499,68.8157,68.1094,68.493,68.493,374632.61129601
2018-08-28,68.591,68.7872,68.2575,68.4409,68.4409,480853.45046909
2018-08-29,68.4665,68.8686,68.1094,68.3694,68.3694,344349.63013853
2018-08-30,68.4409,68.4616,67.874,68.0202,68.0202,357124.88050496
2018-08-31,68.0103,68.5224,67.7269,68.3341,68.3341,508373.60914686
2018-09-04,68.1741,68.9059,68.0928,68.7872,68.7872,320217.24234636
2018-09-05,68.4665,69.367,68.4665,69.0295,69.0295,436990.84000184
2018-09-06,69.0991,69.5121,68.797,69.1982,69.1982,342025.18908551
2018-09-07,69.26,69.4189,68.6547,68.7696,68.7696,463842.21213103
2018-09-10,69.0815,69.1452,68.596,68.6547,68.6547,418639.98958322
2018-09-11,68.6097,68.797,68.0761,68.4499,68.4499,428346.56996298
2018-09-12,68.4499,68.5705,67.6033,67.7112,67.7112,370378.27247396
2018-09-13,68.0202,68.5743,67.8259,68.5391,68.5391,402076.30809704
2018-09-14,68.5999,69.358,68.4763,69.3139,69.3139,318094.66064794
2018-09-17,69.4297,69.4297,68.8235,69.3767,69.3767,349865.08018101
2018-09-18,69.522,70.0418,69.0462,69.977,69.977,478928.65015851
2018-09-19,70.1584,70.8667,69.7072,70.5165,70.5165,520407.68905471
2018-09-20,70.801,71.109,70.3458,70.8667,70.8667,503819.53976799
2018-09-21,71.1187,71.4964,70.7137,70.9206,70.9206,1596277.2694304
2018-09-24,70.7058,70.7686,69.4297,69.465,69.465,586154.70813785
2018-09-25,69.7906,69.8338,69.1532,69.3052,69.3052,380318.31645071
2018-09-26,69.4837,69.4837,68.6313,68.7392,68.7392,390207.38584295
2018-09-27,68.9098,69.107,68.5743,68.6685,68.6685,380570.13089812
2018-09-28,68.4342,69.0069,68.2802,68.9274,68.9274,604393.41447058
2018-10-01,69.1973,69.2953,67.4218,67.6348,67.6348,568051.59419989
2018-10-02,67.6445,68.3086,67.3287,68.2732,68.2732,460616.54042411
2018-10-03,68.6214,68.6214,67.8239,68.0672,68.0672,799447.66204509
2018-10-04,68.1379,68.7263,67.977,68.649,68.649,441744.72975194
2018-10-05,68.7843,69.1707,68.4821,68.8127,68.8127,377412.76513442
2018-10-08,68.7313,69.9575,68.7126,69.6474,69.6474,389399.94842453
2018-10-09,69.619,70.2291,69.259,70.0242,70.0242,340696.79141355
2018-10-10,70.0242,70.336,68.4165,68.4959,68.4959,707588.40230796
2018-10-11,68.4528,68.4783,65.4454,65.4709,65.4709,1010783.1919077
2018-10-12,66.4871,66.4871,63.9828,64.9079,64.9079,1034095.9083811
2018-10-15,64.9333,65.7063,64.6391,64.7539,64.7539,644736.73962421
2018-10-16,65.5081,66.7646,64.8656,66.6665,66.6665,856150.77034692
2018-10-17,66.5046,68.1094,66.442,67.977,67.977,830435.11196029
2018-10-18,67.8681,68.5155,67.6081,67.9142,67.9142,617851.72426924
2018-10-19,67.8073,68.8471,67.5759,68.4783,68.4783,591398.97339082
2018-10-22,68.7313,68.9638,67.1777,67.3855,67.3855,516746.6943962
2018-10-23,66.8284,67.0187,65.8594,66.3242,66.3242,1000784.0174129
2018-10-24,66.3959,66.3959,63.9485,64.0633,64.0633,900062.31641527
2018-10-25,64.2977,64.9431,63.722,64.386,64.386,1249852.973703
2018-10-26,66.4155,69.1345,64.4144,68.649,68.649,1721896.9964794
2018-10-29,69.4748,71.0364,68.3086,68.9187,68.9187,1223137.1939685
2018-10-30,69.2865,70.4184,68.5557,70.3272,70.3272,771433.0498977
2018-10-31,70.4595,71.519,70.2115,70.5725,70.5725,1838022.19742
2018-11-01,70.4184,70.903,69.619,70.3841,70.3841,1009801.4214103
2018-11-02,70.8373,71.5111,69.4748,70.0418,70.0418,649349.93952111
2018-11-05,70.3841,71.4513,70.0683,71.055,71.055,714150.87031599
2018-11-06,71.0913,72.033,70.8764,71.9339,71.9339,656305.93132145
2018-11-07,72.2056,72.5263,71.413,72.4891,72.4891,616914.81140621
2018-11-08,72.4106,73.0924,72.1663,73.0463,73.0463,498637.4635081
2018-11-09,72.9589,73.5141,72.6794,72.9746,72.9746,568576.63242019
2018-11-12,73.0747,73.5494,71.8789,72.033,72.033,425926.29669111
2018-11-13,72.4361,73.2983,72.1212,72.6509,72.6509,489970.76465206
2018-11-14,72.8569,73.0374,70.5802,70.8854,70.8854,725202.16023476
2018-11-15,70.6489,71.575,69.8612,71.2983,71.2983,1195590.5285068
2018-11-16,70.956,72.1046,70.2811,72.0153,72.0153,2629361.8420553
2018-11-19,71.9241,72.7313,71.8642,72.4283,72.4283,1011988.2310852
2018-11-20,72.1585,72.2389,71.2786,71.6034,71.6034,918828.0999517
2018-11-21,71.3759,72.2389,71.1698,71.3759,71.3759,395877.79862232
2018-11-23,71.1002,71.5474,70.6402,70.7235,70.7235,189702.93569411
2018-11-26,71.2071,71.8681,71.2071,71.7524,71.7524,573185.75435035
2018-11-27,71.519,71.8789,71.1002,71.7613,71.7613,690458.90293387
2018-11-28,72.033,73.3179,71.6034,73.1825,73.1825,918883.15250295
2018-11-29,72.8569,73.6583,72.6882,73.1188,73.1188,385797.06479235
2018-11-30,73.1727,73.7113,72.7971,73.3434,73.3434,806731.93016959
2018-12-03,74.0437,74.3576,72.75,74.1595,74.1595,806145.72244788
2018-12-04,73.9535,74.2478,72.903,73.1453,73.1453,1064257.5700274
2018-12-06,72.292,72.5087,70.545,72.282,72.282,830055.86105165
2018-12-07,72.4018,73.0099,71.4415,71.9142,71.9142,528196.60556573
2018-12-10,71.9339,72.0064,69.9398,71.2434,71.2434,556207.13974636
2018-12-11,72.0153,72.1643,70.7519,71.0178,71.0178,419611.56516372
2018-12-12,71.6288,72.2556,71.1785,71.5288,71.5288,404382.39829965
2018-12-13,71.5935,72.282,70.8294,71.519,71.519,523474.320058
2018-12-14,71.1972,71.575,70.8294,71.2619,71.2619,515214.39838625
2018-12-17,71.0825,71.2532,69.0795,69.3326,69.3326,968801.54360834
2018-12-18,69.8455,70.0653,68.5372,69.1786,69.1786,732128.5867761
2018-12-19,69.3139,70.8873,68.8706,69.0246,69.0246,862657.16631201
2018-12-20,68.8794,69.1422,67.9486,68.5282,68.5282,554719.70137076
2018-12-21,68.185,70.3724,68.1006,68.338,68.338,2212040.055227
2018-12-24,68.282,68.282,65.1579,65.1953,65.1953,493880.51528292
2018-12-26,65.5003,68.1575,64.3447,68.1202,68.1202,927143.0741747
2018-12-27,67.2894,69.2149,66.6832,69.1599,69.1599,694170.87217688
2018-12-28,69.621,70.029,68.8343,69.2227,69.2227,637089.5324581
2018-12-31,69.6112,69.982,69.1227,69.9535,69.9535,644423.7556754
2019-01-02,69.2149,69.258,67.9397,68.3291,68.3291,742630.37067398
2019-01-03,68.1477,68.6724,67.0992,67.2266,67.2266,581846.33625624
2019-01-04,68.1202,68.8706,68.0026,68.5733,68.5733,535239.25415971
2019-01-07,68.3831,69.1422,68.0898,68.2655,68.2655,520099.80256436
2019-01-08,68.7078,68.7176,67.0992,68.2017,68.2017,723417.0302857
2019-01-09,68.589,68.9344,68.0859,68.8892,68.8892,744235.05059392
2019-01-10,68.7706,69.9015,67.5964,69.8455,69.8455,530564.88476141
2019-01-11,69.5571,70.0566,69.2786,69.621,69.621,466030.0412976
2019-01-14,69.1786,70.2173,69.1325,70.1153,70.1153,612582.99121572
2019-01-15,70.2978,70.6038,69.7495,70.1546,70.1546,575422.51911803
2019-01-16,70.5881,70.6773,69.6494,70.4244,70.4244,817393.7742628
2019-01-17,70.08,70.6686,70.0722,70.6402,70.6402,617516.31150325
2019-01-18,71.0491,72.6558,70.6225,72.6028,72.6028,1545462.7451296
2019-01-22,72.3321,73.2895,71.4572,71.8367,71.8367,932562.69199834
2019-01-23,71.7083,72.1977,71.0344,71.9799,71.9799,358777.47653432
2019-01-24,71.6818,71.9241,70.9049,71.4915,71.4915,477873.47625944
2019-01-25,72.034,72.4047,71.4827,71.6984,71.6984,711468.5876798
2019-01-28,71.4287,71.7014,70.6038,71.3729,71.3729,506513.03681275
2019-01-29,71.517,71.8182,70.9923,71.7347,71.7347,695080.25876429
2019-01-30,72.0064,72.8019,71.2934,72.4577,72.4577,795494.07327157
2019-01-31,72.1782,73.5719,72.0064,73.2983,73.2983,3530943.2010884
2019-02-01,73.3444,73.7496,72.5675,73.6956,73.6956,831658.5019882
2019-02-04,73.6612,74.5264,73.154,74.5184,74.5184,848434.23774589
2019-02-05,74.5813,74.6549,73.8054,74.6185,74.6185,842905.53431144
2019-02-06,74.5627,74.5999,73.415,73.9584,73.9584,1036549.8248788
2019-02-07,72.7657,77.625,71.1561,76.1704,76.1704,1617302.2465517
2019-02-08,75.7407,75.9476,75.0873,75.9192,75.9192,991187.54213567
2019-02-11,76.1704,76.3096,75.1973,75.9555,75.9555,1059533.2455364
2019-02-12,76.4351,76.9118,76.2811,76.5509,76.5509,669645.98008409
2019-02-13,76.8353,77.2915,75.9379,76.3518,76.3518,644869.2735439
2019-02-14,76.0074,76.3959,75.519,75.8907,75.8907,580022.46562296
2019-02-15,76.3518,77.2739,76.1271,77.2375,77.2375,736636.77902893
2019-02-19,77.1571,77.5083,76.7765,77.3552,77.3552,700246.02315713
2019-02-20,77.4994,77.6995,77.264,77.6622,77.6622,586607.36244818
2019-02-21,77.7721,77.8427,76.9766,77.2915,77.2915,744343.11671306
2019-02-22,77.5632,77.8976,77.1659,77.8162,77.8162,635128.03044668
2019-02-25,78.0223,78.4861,77.419,77.5817,77.5817,632613.96393933
2019-02-26,77.472,77.8427,77.2473,77.3552,77.3552,663166.09090295
2019-02-27,77.3641,78.1429,77.1845,77.6995,77.6995,795935.51317331
2019-02-28,77.9712,78.7559,77.5602,78.4489,78.4489,1172321.650176
2019-03-01,78.9257,79.0276,78.3764,78.6019,78.6019,633256.24370398
2019-03-04,78.7637,78.8648,77.0296,77.5268,77.5268,956610.46198023
2019-03-05,77.6897,78.1243,77.1109,77.311,77.311,466901.70669249
2019-03-06,77.264,77.5553,76.4892,76.5882,76.5882,510344.28658349
2019-03-07,76.596,76.6618,75.9653,76.4351,76.4351,632047.12655973
2019-03-08,75.9987,76.4156,74.9982,76.3419,76.3419,460717.47010142
2019-03-11,76.5509,77.3641,76.5509,77.211,77.211,639383.38876042
2019-03-12,77.3454,77.572,77.1845,77.4278,77.4278,638804.31748054
2019-03-13,77.4817,77.725,76.806,76.8422,76.8422,685902.7945716
2019-03-14,76.8922,77.2739,76.4812,77.0932,77.0932,562632.99586795
2019-03-15,77.1012,78.0507,76.9168,77.3641,77.3641,2238169.6272398
2019-03-18,77.472,77.9163,77.264,77.6348,77.6348,580801.35727406
2019-03-19,78.0252,78.0252,76.5607,76.9255,76.9255,711804.00044579
2019-03-20,77.0001,77.5994,76.2909,76.4263,76.4263,618538.86166824
2019-03-21,76.1261,77.418,76.0144,77.2257,77.2257,422477.35630409
2019-03-22,76.8442,77.6995,76.8442,76.9815,76.9815,598121.50159417
2019-03-25,77.0708,77.7162,76.6087,77.0001,77.0001,447038.95009772
2019-03-26,77.3807,77.6092,76.8609,77.3434,77.3434,538370.11313947
2019-03-27,77.5445,77.9359,77.1256,77.6435,77.6435,437799.29691194
2019-03-28,77.7918,78.1086,77.0001,77.7074,77.7074,400350.308666
2019-03-29,78.1556,78.2164,77.6897,78.1281,78.1281,585192.30798256
2019-04-01,78.5362,78.8991,77.9545,78.5009,78.5009,579092.68920175
2019-04-02,78.5009,78.6902,77.6435,77.7818,77.7818,465111.47928498
2019-04-03,78.1183,78.1183,77.1443,77.7358,77.7358,627867.21063105
2019-04-04,77.7918,78.137,77.5622,77.8986,77.8986,393678.75504714
2019-04-05,77.9919,78.5705,77.8045,78.4165,78.4165,555879.88291389
2019-04-08,78.4636,78.4636,77.5083,77.9085,77.9085,334357.59208559
2019-04-09,77.7259,77.8623,77.2179,77.3807,77.3807,406340.84183599
2019-04-10,77.5357,78.3097,77.3807,78.2635,78.2635,381523.35562819
2019-04-11,78.4078,79.0816,78.3224,79.009,79.009,360864.3760236
2019-04-12,79.2983,79.6024,79.0365,79.573,79.573,556254.0363641
2019-04-15,79.4994,79.7133,79.1081,79.2473,79.2473,487349.65151727
2019-04-16,79.4288,79.8271,79.4092,79.7829,79.7829,453322.07738271
2019-04-17,79.7642,79.7642,78.5274,78.646,78.646,579244.59346355
2019-04-18,78.7363,79.1355,78.5185,78.7627,78.7627,1198909.9934492
2019-04-22,78.4734,78.6186,77.8162,78.188,78.188,470365.93945484
2019-04-23,78.3988,79.1532,78.1811,79.0914,79.0914,728969.18202902
2019-04-24,79.1355,80.0105,79.009,79.7555,79.7555,602149.51326105
2019-04-25,79.4906,85.2483,79.1228,85.1208,85.1208,1568690.8437928
2019-04-26,85.2297,85.8957,84.4038,85.6672,85.6672,1007895.9914418
2019-04-29,85.8006,86.6843,85.6191,86.394,86.394,723137.68956266
2019-04-30,86.4224,87.5937,86.1567,87.476,87.476,967885.02057909
2019-05-01,87.7487,87.7487,86.5029,86.604,86.604,645207.74478495
2019-05-02,86.6843,87.4309,86.4224,87.2669,87.2669,826813.87747769
2019-05-03,87.3308,87.6486,86.704,87.3769,87.3769,521809.49012835
2019-05-06,86.4656,87.5231,86.4656,87.4486,87.4486,442034.26539189
2019-05-07,86.912,87.2906,85.9124,86.4127,86.4127,580329.33262163
2019-05-08,86.4509,87.5416,85.8585,86.549,86.549,601797.78862802
2019-05-09,86.0684,86.8854,85.9202,86.4842,86.4842,611145.50793294
2019-05-10,86.0586,87.7574,85.8123,87.6858,87.6858,493789.78052252
2019-05-13,86.5118,87.1219,86.139,86.604,86.604,781201.81927054
2019-05-14,86.5029,87.2375,86.4461,87.0748,87.0748,1782659.7206905
2019-05-15,86.5853,88.0125,86.5402,87.6957,87.6957,943381.5378118
2019-05-16,87.8781,88.6755,87.6957,88.3587,88.3587,988871.25701616
2019-05-17,88.6314,89.3867,88.3587,88.8855,88.8855,1066884.8001125
2019-05-20,88.7873,89.5869,88.7315,89.2141,89.2141,1051950.2663467
2019-05-21,89.4876,90.3244,89.4692,90.2489,90.2489,978703.86639256
2019-05-22,90.1685,90.9502,89.9881,90.6216,90.6216,829094.48038805
2019-05-23,90.0861,90.2872,89.3681,90.239,90.239,735092.24911871
2019-05-24,90.6697,90.7315,90.1597,90.6697,90.6697,478553.47721661
2019-05-28,90.6315,91.0238,89.8761,89.9036,89.9036,1294240.6223905
2019-05-29,89.522,90.1331,88.9306,89.577,89.577,771420.81599742
2019-05-30,89.678,90.2136,89.3219,89.4876,89.4876,501592.96991719
2019-05-31,88.9689,89.832,88.6,89.3485,89.3485,761729.527993
2019-06-03,89.5946,90.6511,89.1434,90.5598,90.5598,1055736.6584831
2019-06-04,90.9846,91.0866,90.1096,90.7227,90.7227,1021481.7377018
2019-06-05,90.7865,92.502,90.6981,92.4089,92.4089,1365054.5151725
2019-06-06,92.4549,93.0092,92.0478,92.5108,92.5108,892226.50328654
2019-06-07,92.7374,93.8056,92.3528,93.3524,93.3524,885769.04292256
2019-06-10,93.5898,93.6721,93.1189,93.2956,93.2956,1043298.8598661
2019-06-11,93.2866,93.8056,92.4637,92.7658,92.7658,1057197.5900748
2019-06-12,92.7658,93.7115,92.7658,93.6634,93.6634,536029.36021941
2019-06-13,93.7683,94.0488,93.0454,93.3623,93.3623,2189699.9338257
2019-06-14,93.529,94.3372,93.0366,94.1715,94.1715,555958.38377401
2019-06-17,94.0194,94.8581,94.0194,94.4608,94.4608,939861.2330065
2019-06-18,95.4073,95.5006,94.554,94.9954,94.9954,763232.25874395
2019-06-19,94.9335,96.0459,94.8757,95.8743,95.8743,459686.7640029
2019-06-20,95.8841,97.0484,95.8841,96.864,96.864,982914.36707194
2019-06-21,96.913,97.3063,95.4917,95.6339,95.6339,1452476.9470751
2019-06-24,95.9988,96.6217,95.8654,96.0459,96.0459,925863.61210385
2019-06-25,96.0459,96.5285,95.8841,96.0645,96.0645,397120.55899233
2019-06-26,95.682,96.0185,93.4563,93.5014,93.5014,793769.09333222
2019-06-27,93.3994,94.1538,92.859,94.039,94.039,756389.43052119
2019-06-28,94.2999,94.8678,94.0783,94.8012,94.8012,891003.11325863
2019-07-01,95.5878,96.3451,94.6206,96.142,96.142,684128.87903114
2019-07-02,96.0185,96.7962,95.9232,96.3931,96.3931,1010280.5825046
2019-07-03,96.7383,98.5394,96.6893,98.4118,98.4118,646149.75510643
2019-07-05,98.0881,98.922,97.3544,98.5982,98.5982,530332.44065611
2019-07-08,98.2745,99.069,98.0586,98.196,98.196,833278.4742835
2019-07-09,97.7938,98.5,97.374,98.3039,98.3039,904916.116351
2019-07-10,98.3039,99.2159,97.5976,97.9116,97.9116,1031280.0723336
2019-07-11,97.9704,97.9704,96.6796,97.6664,97.6664,744633.67184469
2019-07-12,98.1372,98.5394,97.2475,98.4805,98.4805,587902.11689438
2019-07-15,98.6472,99.0887,98.0391,98.5883,98.5883,622585.22418555
2019-07-16,98.8233,99.5791,98.7453,99.3724,99.3724,706077.5156235
2019-07-17,99.3635,99.3635,97.6664,97.9017,97.9017,610340.1094979
2019-07-18,97.8428,98.4413,97.3936,98.2549,98.2549,673143.85607222
2019-07-19,98.5197,98.6861,97.5889,97.5976,97.5976,685366.54194271
2019-07-22,97.4917,97.9214,96.9621,97.3358,97.3358,455144.92852429
2019-07-23,97.3838,97.579,96.1617,97.3838,97.3838,625487.71702676
2019-07-24,97.3259,98.1469,96.7777,98.0783,98.0783,654744.07005249
2019-07-25,98.245,98.6178,97.4132,98.0195,98.0195,643383.87415168
2019-07-26,98.2058,98.6276,97.374,98.5982,98.5982,601553.11062245
2019-07-29,98.8045,98.8529,96.7383,97.1788,97.1788,790191.69699227
2019-07-30,96.5088,97.4721,96.4314,96.7962,96.7962,724142.90836894
2019-07-31,97.01,99.8434,96.4706,98.1469,98.1469,2648486.4866665
2019-08-01,97.9998,98.9417,97.0287,97.2083,97.2083,762574.68660395
2019-08-02,97.3063,97.8134,96.7089,97.169,97.169,813792.929614
2019-08-05,96.7678,97.0287,94.3833,94.914,94.914,1008867.5670224
2019-08-06,95.4632,97.9017,94.811,97.8428,97.8428,1001372.264118
2019-08-07,96.8737,99.0098,95.7889,98.1763,98.1763,876258.20494727
2019-08-08,98.6861,100.482,98.5,100.364,100.364,532717.03171884
2019-08-09,100.413,101.011,99.4618,100.56,100.56,463409.9476545
2019-08-12,99.9715,101.227,99.1667,99.3635,99.3635,552807.13496047
2019-08-13,98.9812,101.383,98.5588,101.236,101.236,868085.95956084
2019-08-14,100.433,100.894,97.7056,97.7938,97.7938,668910.92657566
2019-08-15,98.0096,99.5791,97.8822,99.2851,99.2851,522556.77753707
2019-08-16,99.8434,100.697,99.2949,100.324,100.324,697954.20583818
2019-08-19,101.53,101.53,100.52,101.089,101.089,581362.07770352
2019-08-20,100.894,101.502,100.02,100.06,100.06,457419.41448451
2019-08-21,100.923,101.089,100.148,101.031,101.031,356580.47194254
2019-08-22,101.05,101.787,100.433,101.52,101.52,441196.24322277
2019-08-23,101.256,102.158,98.2843,98.9713,98.9713,594453.37049382
2019-08-26,99.9815,100.903,99.1479,100.894,100.894,644105.67426814
2019-08-27,101.325,101.6,100.433,100.952,100.952,714294.61864428
2019-08-28,100.433,101.797,99.8434,101.59,101.59,811254.39530609
2019-08-29,102.473,103.277,101.64,103.041,103.041,675773.12514053
2019-08-30,103.444,103.973,102.384,102.865,102.865,523018.60727261
2019-09-03,102.875,103.571,102.561,103.041,103.041,668116.7425492
2019-09-04,103.688,104.022,102.875,103.945,103.945,604808.34758837
2019-09-05,104.552,105.376,103.835,104.189,104.189,493081.23379802
2019-09-06,104.346,105.679,104.267,105.101,105.101,494302.58484255
2019-09-09,105.337,105.455,102.885,103.698,103.698,876532.44821186
2019-09-10,103.611,103.611,101.659,102.218,102.218,842912.67075327
2019-09-11,101.914,102.306,100.324,101.944,101.944,693639.71700643
2019-09-12,102.345,103.945,102.198,103.541,103.541,569902.99110879
2019-09-13,103.551,103.875,102.6,103.287,103.287,584651.9773869
2019-09-16,102.934,103.307,102.384,103.13,103.13,504638.19159499
2019-09-17,103.317,104.827,103.317,104.808,104.808,693436.83816014
2019-09-18,104.788,105.318,104.002,105.258,105.258,448179.76129873
2019-09-19,104.984,105.827,104.836,105.032,105.032,407125.85043723
2019-09-20,104.817,105.131,103.678,104.591,104.591,987266.57709622
2019-09-23,104.189,105.513,104.189,105.013,105.013,424088.15317417
2019-09-24,105.651,105.856,104.631,105.082,105.082,631618.94004996
2019-09-25,105.003,105.984,104.651,105.789,105.789,782496.57371674
2019-09-26,105.964,107.68,105.876,107.142,107.142,640660.81184789
2019-09-27,107.524,107.573,105.729,106.387,106.387,432249.184152
2019-09-30,106.612,107.377,106.18,107.21,107.21,569269.88676935
2019-10-01,107.426,107.573,104.836,104.945,104.945,504079.51014891
2019-10-02,104.346,104.484,102.521,103.865,103.865,561797.01268221
2019-10-03,103.247,105.111,103.247,104.935,104.935,562333.26531111
2019-10-04,105.445,108.084,105.258,107.917,107.917,604466.81787224
2019-10-07,107.72,107.847,106.533,106.572,106.572,532600.80966619
2019-10-08,106.141,106.141,104.277,104.601,104.601,659204.34619591
2019-10-09,104.699,106.073,104.699,105.523,105.523,590896.36398767
2019-10-10,105.523,107.073,105.523,106.809,106.809,426437.06202775
2019-10-11,108.329,108.613,106.642,106.71,106.71,618516.43285107
2019-10-14,106.396,107.377,106.18,106.739,106.739,422042.03335249
2019-10-15,107.162,107.396,106.278,106.662,106.662,466129.95148321
2019-10-16,106.21,106.23,104.571,105.926,105.926,731006.12642549
2019-10-17,106.258,106.543,105.092,105.798,105.798,776264.42101625
2019-10-18,105.642,106.719,105.268,106.347,106.347,691477.37513211
2019-10-21,106.475,106.837,105.346,106.632,106.632,567693.75261672
2019-10-22,106.572,106.572,103.855,104.209,104.209,532577.36135732
2019-10-23,104.032,104.827,103.895,104.738,104.738,488454.78050915
2019-10-24,105.092,106.131,104.082,105.946,105.946,1144851.4465911
2019-10-25,106.592,108.339,100.796,102.61,102.61,1070278.6879481
2019-10-28,102.64,103.11,101.227,101.747,101.747,929550.09405461
2019-10-29,101.62,102.865,101.198,102.375,102.375,857386.3942751
2019-10-30,102.463,104.052,101.934,103.641,103.641,894208.39513174
2019-10-31,103.424,104.082,102.541,104.052,104.052,1228138.8201993
2019-11-01,104.327,104.778,102.09,103.022,103.022,608468.3227552
2019-11-04,103.464,104.012,100.952,101.256,101.256,573610.88238504
2019-11-05,101.089,101.483,100.344,101.119,101.119,537685.01472384
2019-11-06,101.423,101.953,100.737,101.904,101.904,612867.42939722
2019-11-07,101.58,101.58,99.5791,100.197,100.197,766087.85496743
2019-11-08,99.6963,100.815,99.4519,99.8831,99.8831,523861.72690018
2019-11-11,99.7162,100.667,99.4817,100.305,100.305,387764.6837539
2019-11-12,100.403,100.942,99.5393,99.7758,99.7758,722612.65134235
2019-11-13,99.5095,100.138,98.9812,99.599,99.599,1161738.3069428
2019-11-14,99.5691,99.5691,98.6276,99.2456,99.2456,928691.68205169
2019-11-15,99.3923,99.7559,98.1568,98.4314,98.4314,868237.86382265
2019-11-18,98.1763,99.1479,98.0783,99.1282,99.1282,782651.53645361
2019-11-19,99.2456,99.4907,98.9417,99.1667,99.1667,972639.9298209
2019-11-20,99.1667,100.109,98.8045,99.1864,99.1864,887973.18395618
2019-11-21,99.2259,99.5195,97.2965,97.4917,97.4917,615996.24939358
2019-11-22,97.53,98.3039,97.0778,97.1984,97.1984,564653.62839737
2019-11-25,97.4721,97.9409,97.2083,97.3642,97.3642,580471.04196653
2019-11-26,97.4132,98.6276,97.2769,98.5883,98.5883,1437216.1759687
2019-11-27,98.5883,98.9713,98.0881,98.6861,98.6861,683583.45097703
2019-11-29,98.7947,99.069,98.0979,98.3824,98.3824,353710.6028354
2019-12-02,98.3136,98.5099,97.0581,97.0778,97.0778,744880.38883364
2019-12-03,96.5933,96.8257,95.4632,95.9429,95.9429,540059.41086967
2019-12-04,96.0459,96.5088,95.682,96.0939,96.0939,701593.79117121
2019-12-05,96.3451,96.4314,95.9332,96.2097,96.2097,680296.60976873
2019-12-06,96.5834,97.068,96.3058,96.8257,96.8257,659868.03528604
2019-12-09,97.1308,97.7742,96.7483,97.6467,97.6467,596237.48095119
2019-12-10,97.4721,98.0391,97.0287,97.1592,97.1592,409984.50513578
2019-12-11,97.3446,97.3544,96.3931,96.7777,96.7777,398925.0592835
2019-12-12,96.6609,97.9704,96.5285,97.5692,97.5692,611158.7613249
2019-12-13,97.3063,97.5015,96.5639,96.9032,96.9032,490552.89440701
2019-12-16,97.1308,97.4917,96.8542,97.1504,97.1504,575472.47421084
2019-12-17,97.4426,97.5496,96.5736,97.0287,97.0287,933629.08030599
2019-12-18,97.0484,97.1405,95.9135,95.9135,95.9135,685288.04108259
2019-12-19,95.6251,95.6438,94.8757,95.4347,95.4347,801066.61484869
2019-12-20,96.7678,96.7678,95.1572,96.1999,96.1999,1237534.4556136
2019-12-23,96.5539,96.5539,94.9238,95.1484,95.1484,497246.87684304
2019-12-24,95.4347,95.5967,95.0345,95.4162,95.4162,190741.79772614
2019-12-26,95.3877,95.8458,95.3485,95.6633,95.6633,636253.54927236
2019-12-27,95.4917,96.0744,95.32,95.9988,95.9988,386815.53699059
2019-12-30,96.1704,96.5088,95.8262,96.4991,96.4991,411457.67062771
2019-12-31,96.403,97.1886,96.2293,97.1592,97.1592,529201.82437199
2020-01-02,97.5692,97.9704,96.8159,97.9017,97.9017,807181.52600485
2020-01-03,97.3063,98.5099,97.3063,98.402,98.402,499866.97048614
2020-01-06,97.7938,98.196,97.0915,97.627,97.627,443358.58509709
2020-01-07,97.1592,97.5594,95.7889,95.7988,95.7988,479573.98839824
2020-01-08,95.0621,95.9713,94.9866,95.2533,95.2533,957346.53498036
2020-01-09,95.3779,96.9806,95.2818,96.9522,96.9522,813567.62195052
2020-01-10,97.2278,97.9605,96.6217,96.7286,96.7286,473640.54676288
2020-01-13,96.9718,97.6173,96.5736,97.1014,97.1014,655386.34981714
2020-01-14,97.3838,97.4132,96.4991,96.8737,96.8737,678896.84767845
2020-01-15,97.0287,97.8625,96.9228,97.374,97.374,508633.5795278
2020-01-16,97.8331,98.4216,97.3063,97.4917,97.4917,511062.00873319
2020-01-17,97.7938,99.2357,97.7938,99.1479,99.1479,623655.69045997
2020-01-21,99.1085,99.4718,98.0783,98.2353,98.2353,822260.82759049
2020-01-22,98.7059,99.1765,98.4903,98.99,98.99,381073.75979293
2020-01-23,98.5785,98.5785,97.1504,97.9214,97.9214,525403.19833533
2020-01-24,97.8428,98.4118,97.5113,97.9508,97.9508,357267.60934154
2020-01-27,97.1504,97.6467,96.5539,96.7678,96.7678,502158.78780509
2020-01-28,97.1014,98.402,96.9806,97.3358,97.3358,519141.48037584
2020-01-29,97.5976,97.9116,96.8356,97.0484,97.0484,457372.51786677
2020-01-30,96.6893,98.6861,96.4608,98.6763,98.6763,505669.91718518
2020-01-31,98.5294,98.9516,96.7286,96.9621,96.9621,1057061.99768
2020-02-03,97.784,99.4022,97.3544,98.2156,98.2156,583295.03394761
2020-02-04,99.1667,99.2259,97.9311,97.9704,97.9704,610346.22644803
2020-02-05,98.8924,99.9616,97.9998,99.7957,99.7957,727239.10463122
2020-02-06,102.306,105.131,101.276,104.258,104.258,938977.33371133
2020-02-07,104.523,104.699,103.591,104.258,104.258,817312.21492762
2020-02-10,104.395,105.612,104.16,105.385,105.385,699806.62223877
2020-02-11,105.759,106.719,105.465,106.19,106.19,947409.54947868
2020-02-12,106.121,106.24,104.964,105.082,105.082,719727.48985987
2020-02-13,104.571,106.652,104.571,106.121,106.121,860705.8592175
2020-02-14,105.946,106.475,105.651,106.445,106.445,663074.33665085
2020-02-18,106.17,106.729,104.994,105.189,105.189,511039.579916
2020-02-19,105.415,105.602,104.385,104.424,104.424,471297.75485944
2020-02-20,104.424,104.424,102.708,103.581,103.581,368197.57974921
2020-02-21,103.384,103.738,102.355,102.845,102.845,738667.60647526
2020-02-24,101.56,102.316,99.2851,99.2949,99.2949,838896.89298666
2020-02-25,99.7162,100.05,96.6609,96.7483,96.7483,1010607.8393371
2020-02-26,97.3259,98.1077,95.2533,95.2818,95.2818,1279921.8616055
2020-02-27,94.5069,94.7816,90.1635,90.2293,90.2293,1885938.3068464
2020-02-28,88.2607,88.8325,85.1003,86.145,86.145,2378068.3548978
2020-03-02,86.7727,93.8802,85.1287,93.6536,93.6536,1654585.0576523
2020-03-03,92.9424,94.8297,91.2445,92.1793,92.1793,1454173.3812472
2020-03-04,93.8988,96.8356,93.1484,96.4892,96.4892,940238.44493176
2020-03-05,94.144,95.0051,92.1793,93.4475,93.4475,1075538.2455765
2020-03-06,89.9507,91.4436,88.2234,90.7364,90.7364,1343381.1413366
2020-03-09,85.3024,86.3852,82.394,83.7967,83.7967,1512641.2296643
2020-03-10,86.9208,88.7315,84.2234,88.6853,88.6853,1521555.6650009
2020-03-11,85.4701,87.013,81.9506,83.1513,83.1513,1479870.6887833
2020-03-12,76.7383,78.6608,73.313,74.4292,74.4292,1381338.8559357
2020-03-13,78.5225,83.7055,77.6907,83.6858,83.6858,1642619.2836876
2020-03-16,76.8854,81.9408,72.1095,72.545,72.545,1531359.0970912
2020-03-17,74.4538,79.5641,68.0682,79.1178,79.1178,1672034.677417
2020-03-18,74.1929,79.7887,71.724,79.4799,79.4799,1368292.4207798
2020-03-19,78.2528,79.5544,71.6897,76.2782,76.2782,1493278.0239976
2020-03-20,76.3066,76.3066,68.0387,69.8535,69.8535,1601969.0915353
2020-03-23,68.0584,70.0683,61.1569,62.1722,62.1722,1570091.6253749
2020-03-24,64.7322,73.7348,64.7322,72.6362,72.6362,1573888.2124281
2020-03-25,73.2992,74.4067,68.0006,69.108,69.108,1355488.624646
2020-03-26,70.1232,74.0811,67.3404,73.2895,73.2895,1152373.2562792
2020-03-27,70.1428,73.6151,69.2885,70.7117,70.7117,859784.23872981
2020-03-30,70.6166,75.004,68.9059,74.239,74.239,1025336.4357813
2020-03-31,73.3189,76.9482,69.4081,70.2438,70.2438,2180089.1856649
2020-04-01,66.9775,70.9981,66.3459,68.494,68.494,1283645.0452572
2020-04-02,67.518,70.9884,66.5489,67.8907,67.8907,1048497.247993
2020-04-03,67.1933,69.3787,65.6837,66.1301,66.1301,1034634.1999934
2020-04-06,69.3423,73.0472,68.6724,72.0682,72.0682,1031953.9563406
2020-04-07,75.0383,77.21,74.0065,74.3684,74.3684,1089226.9604972
2020-04-08,73.8398,76.1547,72.6755,75.4876,75.4876,805777.68594782
2020-04-09,76.6225,78.4382,75.9713,77.8142,77.8142,1322599.822729
2020-04-13,78.2234,78.2234,75.7749,76.9383,76.9383,654720.62174362
2020-04-14,79.0796,81.5563,78.3901,81.0923,81.0923,1581201.0263199
2020-04-15,78.9501,79.6034,76.8727,77.2189,77.2189,1325937.638522
2020-04-16,77.5827,78.0752,75.7005,76.7804,76.7804,944889.3660212
2020-04-17,79.2493,80.2626,77.5917,79.8809,79.8809,827047.34107469
2020-04-20,79.0148,79.0482,75.7926,76.7903,76.7903,669218.81306602
2020-04-21,74.7882,76.2322,74.0536,74.6401,74.6401,601579.61740639
2020-04-22,76.9295,76.9295,74.0536,74.1929,74.1929,609775.31110167
2020-04-23,74.388,75.3003,72.5165,72.9903,72.9903,545996.93047178
2020-04-24,74.0437,74.0437,71.8908,73.1119,73.1119,560873.35321113
2020-04-27,74.3135,76.8098,73.5866,76.3695,76.3695,736957.91891126
2020-04-28,71.0168,71.9299,66.3526,66.8559,66.8559,4228044.0923822
2020-04-29,68.0948,68.1928,65.5356,65.5631,65.5631,1740577.1427139
2020-04-30,64.7135,65.0138,61.0285,61.2629,61.2629,2528863.4097377
2020-05-01,59.9966,60.4595,55.8621,56.7459,56.7459,3215552.2324022
2020-05-04,56.4183,56.485,54.6223,55.9965,55.9965,2166325.0283592
2020-05-05,55.8621,57.0334,54.326,54.9293,54.9293,1768347.0768556
2020-05-06,54.1947,54.9206,49.3991,49.455,49.455,2193530.1641048
2020-05-07,49.8189,52.4997,49.8092,51.2147,51.2147,1508454.1772937
2020-05-08,52.1367,52.3937,50.4329,51.8857,51.8857,1328427.2372287
2020-05-11,51.663,51.6954,49.7092,50.1338,50.1338,1524800.7070499
2020-05-12,50.2751,50.4153,47.9014,47.9014,47.9014,1609425.6537554
2020-05-13,47.0626,47.612,44.9027,45.1921,45.1921,1802952.7027784
2020-05-14,44.38,47.6581,42.8938,46.998,46.998,1845903.8876749
2020-05-15,46.374,46.8213,44.8655,45.8522,45.8522,2777328.8269473
2020-05-18,47.4541,50.071,47.4541,49.5021,49.5021,1896378.9212429
2020-05-19,49.4364,49.6032,47.6776,48.4957,48.4957,2027089.9897914
2020-05-20,48.9058,50.6606,48.3937,49.865,49.865,1430511.9986157
2020-05-21,49.8749,53.8779,49.4649,53.4874,53.4874,2322356.1925185
2020-05-22,53.6081,53.6081,51.9072,53.3649,53.3649,1441276.8113696
2020-05-26,55.7307,56.9412,54.9961,55.153,55.153,1677259.5723278
2020-05-27,57.7229,58.2819,55.871,57.1637,57.1637,2756987.9287499
2020-05-28,57.7229,58.0123,55.7111,56.3909,56.3909,1668717.251458
2020-05-29,55.4051,55.5816,53.6641,54.8833,54.8833,1872759.3377708
2020-06-01,54.5498,56.0191,54.075,55.5257,55.5257,1081603.2016399
2020-06-02,56.4007,57.4247,55.3295,56.5958,56.5958,938456.37345778
2020-06-03,58.4497,60.1721,57.7974,59.464,59.464,1544259.7449355
2020-06-04,58.8872,60.1987,58.0201,60.1721,60.1721,1005440.0359608
2020-06-05,63.7837,65.0,61.9966,64.0359,64.0359,1850690.4011591
2020-06-08,65.8701,66.539,64.5007,66.5018,66.5018,1569474.8329024
2020-06-09,64.9009,65.5258,63.3453,64.0633,64.0633,1128866.8363847
2020-06-10,63.4395,63.6768,60.693,60.7302,60.7302,1802847.6951343
2020-06-11,57.5738,58.6067,54.2496,54.6135,54.6135,1835194.1274723
2020-06-12,56.8499,57.8935,55.5061,56.8205,56.8205,1221030.9241371
2020-06-15,55.1628,58.2722,54.5762,57.6669,57.6669,1473526.3919969
2020-06-16,61.0991,61.5483,58.2595,59.4355,59.4355,1294023.4706605
2020-06-17,59.6885,59.8249,58.1005,58.3448,58.3448,1070404.085426
2020-06-18,57.7612,60.6479,57.7239,59.3491,59.3491,1240896.739207
2020-06-19,59.2275,60.6283,58.1554,59.3874,59.3874,7103739.5945233
2020-06-22,58.6067,59.2275,57.3384,59.0393,59.0393,1887612.3122012
2020-06-23,59.4914,60.5164,59.3394,59.971,59.971,1427565.6676318
2020-06-24,59.1796,59.2275,56.9813,58.2966,58.2966,1629212.9679651
2020-06-25,57.77,60.026,57.5071,59.923,59.923,1116340.3419906
2020-06-26,58.9078,59.614,57.9593,58.2869,58.2869,2040259.7834418
2020-06-29,59.2569,60.0358,58.2869,59.9328,59.9328,1144226.4981851
2020-06-30,59.1893,60.5351,59.1893,60.1947,60.1947,1378078.5215112
2020-07-01,60.1211,60.6479,59.2933,60.2614,60.2614,1098248.4424612
2020-07-02,61.4934,62.8087,60.4879,60.9863,60.9863,1554055.0210922
2020-07-06,62.4057,64.3791,62.2143,63.9838,63.9838,2246162.4420888
2020-07-07,63.4856,65.2727,62.9706,64.2095,64.2095,2204708.8904848
2020-07-08,64.0025,65.0647,63.7053,65.001,65.001,1162735.3698156
2020-07-09,64.8402,64.9431,62.03,63.2708,63.2708,1359502.3634292
2020-07-10,63.4395,66.3821,63.157,66.2614,66.2614,1220443.6969237
2020-07-13,66.8157,67.2011,65.6189,65.8946,65.8946,1447313.2216657
2020-07-14,66.0535,68.4322,65.565,68.3556,68.3556,1460370.8712302
2020-07-15,69.211,70.1713,67.7082,69.1168,69.1168,1332229.9412321
2020-07-16,68.696,71.5052,68.4586,71.2708,71.2708,1149602.2778661
2020-07-17,71.4503,72.6618,70.2821,72.0682,72.0682,1195049.1784195
2020-07-20,71.5052,72.5784,70.4518,72.445,72.445,1397470.2729453
2020-07-21,72.0879,74.2605,71.9947,73.4709,73.4709,1153460.0344207
2020-07-22,73.2541,75.6328,72.8776,75.4161,75.4161,1161497.7069041
2020-07-23,75.4827,77.927,75.4347,77.7201,77.7201,1179653.8344099
2020-07-24,78.0389,78.7156,77.0011,78.2468,78.2468,1151531.1561433
2020-07-27,78.6421,78.6421,76.6294,77.5121,77.5121,1027255.1191417
2020-07-28,77.9929,80.3528,76.2252,78.4058,78.4058,1568410.483578
2020-07-29,78.9982,78.9982,77.2866,78.444,78.444,1350817.3137227
2020-07-30,76.6392,77.0335,73.6308,75.0296,75.0296,1182827.5120406
2020-07-31,74.5891,75.2287,72.5784,73.264,73.264,2678279.0923211
2020-08-03,73.4611,74.3626,72.597,73.7053,73.7053,836043.33574657
2020-08-04,73.8838,73.8838,72.4724,72.8216,72.8216,812714.30740606
2020-08-05,73.264,75.5583,73.264,74.7961,74.7961,890129.40888036
2020-08-06,73.5936,75.0629,73.5936,74.6921,74.6921,516323.60534488
2020-08-07,74.5411,77.0246,74.3213,76.7794,76.7794,775511.01665739
2020-08-10,77.4101,78.754,76.5058,78.4254,78.4254,722557.59879109
2020-08-11,79.6113,80.8216,77.879,78.1438,78.1438,851760.8391301
2020-08-12,78.9982,79.2444,76.135,76.1585,76.1585,1239974.0992275
2020-08-13,75.266,75.4641,74.1281,74.8157,74.8157,1043759.6701099
2020-08-14,74.8432,76.5146,74.2792,75.3131,75.3131,643983.33526535
2020-08-17,75.2846,75.3326,73.1325,73.5445,73.5445,594501.28660325
2020-08-18,73.6593,74.5891,73.1697,74.2508,74.2508,584539.83330101
2020-08-19,73.8838,74.9942,73.1983,73.5278,73.5278,479076.47645354
2020-08-20,72.4645,73.8004,72.4645,73.312,73.312,435870.41863461
2020-08-21,73.2061,73.8476,72.4734,72.7097,72.7097,410449.39334638
2020-08-24,73.0854,74.8255,72.7373,74.7578,74.7578,503990.81437189
2020-08-25,74.8344,75.5386,74.3066,74.599,74.599,421701.52312805
2020-08-26,74.2508,74.2792,73.4239,73.8004,73.8004,410469.78318018
2020-08-27,73.771,76.4812,73.771,75.6416,75.6416,432555.03165898
2020-08-28,76.235,76.235,74.8992,75.5768,75.5768,379289.64933557
2020-08-31,75.3513,75.5768,74.3547,74.6558,74.6558,622530.1716343
2020-09-01,74.2879,75.2561,73.9201,75.21,75.21,589646.46717584
2020-09-02,74.9855,77.3257,74.7019,76.7794,76.7794,616176.6994227
2020-09-03,77.4944,78.9609,75.1531,75.7642,75.7642,562040.6711961
2020-09-04,77.2963,77.6534,75.2463,76.2252,76.2252,671823.61433377
2020-09-08,75.6142,75.7916,73.0767,74.4106,74.4106,748237.57496856
2020-09-09,74.2969,75.6229,73.6308,74.1183,74.1183,836981.2681013
2020-09-10,74.4586,74.5047,72.1546,72.6048,72.6048,901954.49299177
2020-09-11,72.5116,73.1787,71.5327,72.3144,72.3144,725623.2103027
2020-09-14,72.7009,74.1674,72.7009,73.0187,73.0187,779631.80206805
2020-09-15,73.3974,73.6543,71.8073,71.9869,71.9869,524829.22451391
2020-09-16,72.2693,73.7867,72.0899,73.1423,73.1423,738731.83445173
2020-09-17,72.4784,74.0516,71.8319,73.3688,73.3688,886956.75074132
2020-09-18,72.9245,74.4783,72.8098,73.9094,73.9094,1838070.1135295
2020-09-21,71.9771,73.5219,69.9103,71.4759,71.4759,1219797.3391923
2020-09-22,71.161,72.8676,70.746,71.8898,71.8898,1034935.9695336
2020-09-23,72.0163,73.2698,70.8304,71.0099,71.0099,1903298.2113424
2020-09-24,71.7014,73.8251,70.1193,72.2987,72.2987,633292.94540482
2020-09-25,71.4081,73.0668,70.6205,72.8295,72.8295,662457.54417844
2020-09-28,74.2036,75.8613,73.4836,74.8658,74.8658,836963.93674256
2020-09-29,74.1271,74.5921,72.6489,73.7967,73.7967,608349.04222748
2020-09-30,74.393,75.1983,73.2659,73.8711,73.8711,831454.60365022
2020-10-01,73.8348,74.6303,72.0535,72.4694,72.4694,704755.23490166
2020-10-02,71.1805,74.0997,71.1805,73.6926,73.6926,527106.76894919
2020-10-05,76.7334,78.4392,76.136,77.7192,77.7192,883699.47479202
2020-10-06,78.1546,78.3626,75.4161,75.7201,75.7201,776222.62185696
2020-10-07,76.1184,76.9412,74.3076,75.264,75.264,736036.29842357
2020-10-08,75.8143,77.1022,75.1512,76.4009,76.4009,447454.9027072
2020-10-09,77.0835,77.3395,75.1561,75.5014,75.5014,625443.87888411
2020-10-12,75.8996,77.8309,75.6289,76.9511,76.9511,519558.45247701
2020-10-13,76.6588,77.4621,74.649,74.9903,74.9903,583927.11879537
2020-10-14,75.4542,76.3262,74.6107,74.6303,74.6303,407200.2733306
2020-10-15,73.7377,75.0462,72.954,74.6774,74.6774,647164.14933791
2020-10-16,74.6107,75.3375,73.9948,74.4509,74.4509,569117.98250754
2020-10-19,74.7529,75.1512,73.5023,73.5876,73.5876,478231.3178426
2020-10-20,74.6677,75.9379,73.9497,75.6239,75.6239,592043.29213884
2020-10-21,75.6239,80.1449,75.6239,79.8594,79.8594,688963.30862475
2020-10-22,76.7421,76.7421,72.0986,72.7079,72.7079,1923042.7069012
2020-10-23,73.2365,74.4576,72.3841,73.3326,73.3326,1677683.6808707
2020-10-26,73.0864,73.3326,72.1576,72.7735,72.7735,1130000.5111439
2020-10-27,73.4651,75.208,69.7308,69.9682,69.9682,1276519.8178363
2020-10-28,70.7068,70.7068,66.9746,67.4287,67.4287,1274783.6234882
2020-10-29,67.3826,69.2776,66.4439,67.8848,67.8848,887654.08305723
2020-10-30,67.3247,68.4606,66.2458,67.0226,67.0226,1379121.4615101
2020-11-02,68.5292,68.8137,67.4561,68.4243,68.4243,623299.88786019
2020-11-03,69.978,71.0001,69.4386,69.8181,69.8181,703382.99908703
2020-11-04,68.0928,69.8455,67.466,68.49,68.49,818801.69228659
2020-11-05,68.4243,71.3405,68.2251,70.6303,70.6303,503093.66168475
2020-11-06,70.9069,71.1424,69.8328,70.3478,70.3478,443582.87326887
2020-11-09,77.5769,83.2748,77.3395,81.2248,81.2248,1448044.1972073
2020-11-10,80.7696,82.5225,80.2203,82.0861,82.0861,1049458.6286565
2020-11-11,82.702,82.7687,78.9884,80.0772,80.0772,865799.23970035
2020-11-12,79.624,79.775,77.8603,78.6293,78.6293,609539.80852131
2020-11-13,79.3955,80.4665,73.3042,74.6401,74.6401,2671236.4437272
2020-11-16,76.7235,77.263,75.0364,75.6436,75.6436,1388063.4231225
2020-11-17,74.8569,75.985,72.6588,75.5151,75.5151,992345.68469542
2020-11-18,75.5112,76.9412,75.0002,75.3218,75.3218,605822.74181984
2020-11-19,74.7245,74.7245,72.7795,74.2311,74.2311,874954.27507586
2020-11-20,74.1949,74.7343,73.0668,73.3326,73.3326,870924.22442558
2020-11-23,73.9858,74.3733,73.1139,73.5485,73.5485,733638.45396887
2020-11-24,75.104,76.2409,73.9094,75.3787,75.3787,909375.37300272
2020-11-25,74.5254,74.9423,73.2825,74.4017,74.4017,567538.78987985
2020-11-27,74.1752,75.2366,73.2463,73.721,73.721,391039.29106194
2020-11-30,73.0187,74.1468,71.5307,72.338,72.338,3360896.0651761
2020-12-01,73.7967,76.2409,73.0286,75.7946,75.7946,1169968.6633557
2020-12-02,75.4161,76.44,74.1468,75.7299,75.7299,906572.79034713
2020-12-03,75.4542,77.4435,75.0943,77.4063,77.4063,908174.411792
2020-12-04,77.5867,79.009,77.4435,78.5999,78.5999,935632.38147669
2020-12-07,77.6701,77.8986,75.5965,75.9653,75.9653,549593.69715383
2020-12-08,75.6906,77.3494,75.2366,76.9904,76.9904,432764.02745542
2020-12-09,78.0399,78.2361,76.3812,77.0551,77.0551,521855.36725441
2020-12-10,77.2169,77.4111,76.2018,76.7137,76.7137,640187.76770376
2020-12-11,75.7005,76.7657,74.9903,75.9555,75.9555,581630.20401796
2020-12-14,76.7235,78.0546,75.259,75.4248,75.4248,1017778.9438839
2020-12-15,75.7702,77.879,74.9923,77.2581,77.2581,855750.11011277
2020-12-16,77.2022,78.9481,76.9531,78.3194,78.3194,1045792.5365396
2020-12-17,78.6617,80.6185,78.4714,80.4665,80.4665,956077.26782641
2020-12-18,81.0296,81.8497,78.8236,79.2728,79.2728,2644168.9393596
2020-12-21,79.2552,80.342,77.7436,80.237,80.237,868712.94695015
2020-12-22,79.8358,80.5185,79.2925,80.1517,80.1517,5238856.8495488
2020-12-23,81.7163,83.9133,80.9344,81.8221,81.8221,1278919.7012743
2020-12-24,81.832,82.3116,80.39,81.3631,81.3631,237232.65777001
2020-12-28,81.4406,83.5877,81.2964,83.4062,83.4062,613388.38965077
2020-12-29,84.3225,84.6667,82.2125,82.3175,82.3175,761838.61360383
2020-12-30,82.2322,83.168,82.0988,82.5381,82.5381,431205.22466153
2020-12-31,82.7098,83.4926,81.6456,83.4062,83.4062,467878.37973143
2021-01-04,83.8359,84.2852,80.0644,80.6666,80.6666,1020990.3427071
2021-01-05,80.9246,81.726,78.8726,79.9025,79.9025,602137.27936077
2021-01-06,81.8692,84.1262,81.0678,83.6643,83.6643,766462.00841763
2021-01-07,84.2468,84.3126,82.8619,83.7025,83.7025,681654.57269969
2021-01-08,83.932,83.932,82.6235,83.7977,83.7977,718593.81510067
2021-01-11,83.5692,85.2111,82.9345,84.648,84.648,628580.85481399
2021-01-12,85.1346,89.573,84.6088,88.2744,88.2744,719360.47285149
2021-01-13,87.626,88.4941,86.0978,87.6447,87.6447,888160.77042711
2021-01-14,88.4185,89.5073,86.7334,89.2484,89.2484,944824.11855305
2021-01-15,89.2386,90.548,88.1027,89.4495,89.4495,952967.81817214
2021-01-19,88.6109,90.3284,88.6109,89.5162,89.5162,808838.20000097
2021-01-20,89.6407,90.0586,87.3308,88.2841,88.2841,553973.43345374
2021-01-21,88.1125,88.347,84.2568,84.2753,84.2753,838291.31492285
2021-01-22,83.6839,83.8556,80.7992,83.3591,83.3591,1408525.6408308
2021-01-25,82.6049,84.9531,81.3091,84.4666,84.4666,1030107.6568902
2021-01-26,85.0669,85.1826,82.8236,82.8432,82.8432,1447969.7743139
2021-01-27,81.3248,82.1508,80.1517,80.4274,80.4274,2480446.7298916
2021-01-28,81.1621,82.3764,80.9246,81.7457,81.7457,789283.32989656
2021-01-29,81.6024,81.678,79.7702,80.2753,80.2753,1192744.1077085
2021-02-01,81.2689,83.9879,80.6666,83.4445,83.4445,846611.38660431
2021-02-02,84.037,84.037,82.2616,83.1581,83.1581,760919.03209952
2021-02-03,82.8236,83.0825,81.3778,82.2125,82.2125,486095.67673866
2021-02-04,82.3469,84.189,81.8497,83.3778,83.3778,659548.93438709
2021-02-05,83.677,83.937,82.7,82.7765,82.7765,519465.67873323
2021-02-08,83.1199,83.8359,82.5578,83.6839,83.6839,540373.41431017
2021-02-09,84.0173,84.7717,82.6715,83.2248,83.2248,1148035.3191387
2021-02-10,83.5308,85.3062,82.8609,85.0012,85.0012,794799.79943073
2021-02-11,86.862,90.6912,86.5285,87.2248,87.2248,1393861.272363
2021-02-12,86.7766,88.3519,86.5186,88.2273,88.2273,605738.12400958
2021-02-16,89.2581,89.2581,86.4136,86.7,86.7,2781712.641214
2021-02-17,87.2435,89.5829,86.7099,89.5446,89.5446,717221.57928604
2021-02-18,88.1606,91.111,88.1606,90.3853,90.3853,857429.21292608
2021-02-19,90.7481,92.6854,90.7481,91.8928,91.8928,692800.67534562
2021-02-22,91.1386,92.9326,90.9572,92.5795,92.5795,2526207.6338854
2021-02-23,93.9076,94.6717,92.1616,93.9468,93.9468,727803.90302745
2021-02-24,94.2214,96.8061,93.9841,96.3157,96.3157,655718.70410805
2021-02-25,97.1405,97.4426,94.2901,94.2901,94.2901,1069171.5199729
2021-02-26,94.2214,95.3779,92.7707,93.4308,93.4308,1152615.8953014
2021-03-01,94.4912,97.6664,94.4912,96.5639,96.5639,1107415.7117371
2021-03-02,96.0459,96.8356,94.9866,95.4447,95.4447,552024.16534261
2021-03-03,95.4347,97.7644,95.2916,96.5088,96.5088,1029140.1592764
2021-03-04,96.4991,97.1405,93.8223,95.3387,95.3387,896500.21245069
2021-03-05,96.8159,99.9228,95.5486,99.5294,99.5294,699662.8739105
2021-03-08,100.226,103.464,99.3048,102.168,102.168,674203.10793804
2021-03-09,101.58,103.307,100.03,100.677,100.677,688903.15861505
2021-03-10,101.63,102.531,100.697,101.433,101.433,554461.76997321
2021-03-11,100.923,101.306,99.5592,99.9815,99.9815,606022.56219107
2021-03-12,102.168,102.845,101.364,102.728,102.728,546952.19418524
2021-03-15,102.296,104.052,101.07,103.993,103.993,775268.37763519
2021-03-16,102.904,102.973,100.099,102.178,102.178,713213.95745295
2021-03-17,103.179,103.179,101.168,102.071,102.071,854478.80397544
2021-03-18,103.022,104.552,101.443,103.494,103.494,1303950.2612453
2021-03-19,102.375,103.945,101.08,102.737,102.737,4694045.5879125
2021-03-22,102.885,103.424,101.129,101.65,101.65,585395.18682886
2021-03-23,100.727,101.747,99.8732,100.482,100.482,677656.12629182
2021-03-24,101.473,102.355,100.403,100.462,100.462,613466.89051088
2021-03-25,100.786,102.041,99.1282,101.854,101.854,547819.78161337
2021-03-26,102.188,102.61,100.266,101.58,101.58,872398.40940922
2021-03-29,100.609,101.483,98.7157,99.893,99.893,886034.11076195
2021-03-30,99.893,101.296,99.893,100.894,100.894,747220.12226202
2021-03-31,100.462,100.491,98.9417,98.99,98.99,719703.02205931
2021-04-01,98.7947,100.776,98.1077,99.9904,99.9904,749729.09131092
2021-04-05,100.629,101.659,100.373,101.383,101.383,727407.32076006
2021-04-06,101.158,101.797,100.354,101.727,101.727,520134.46528182
2021-04-07,101.777,101.953,100.226,101.06,101.06,507579.42512042
2021-04-08,100.923,101.089,100.187,100.364,100.364,539650.59470202
2021-04-09,101.031,101.158,99.6665,100.903,100.903,939493.19650644
2021-04-12,101.246,102.345,101.139,102.237,102.237,613055.01586816
2021-04-13,102.149,102.414,101.188,101.246,101.246,690559.83261118
2021-04-14,101.64,102.384,101.413,101.777,101.777,555680.06254267
2021-04-15,101.894,102.443,101.354,102.267,102.267,670284.18188198
2021-04-16,102.59,103.267,101.63,102.178,102.178,719107.6389124
2021-04-19,102.64,103.071,101.433,102.944,102.944,649288.77001972
2021-04-20,103.327,104.12,102.139,102.708,102.708,445283.38540767
2021-04-21,102.963,105.622,102.443,105.465,105.465,759414.26236519
2021-04-22,105.013,105.916,104.238,104.503,104.503,515069.63056628
2021-04-23,105.278,105.896,104.474,105.003,105.003,549997.41586304
2021-04-26,105.435,106.582,104.062,104.679,104.679,667183.90765293
2021-04-27,104.385,105.532,103.885,104.12,104.12,756158.00590758
2021-04-28,104.238,104.267,102.061,102.512,102.512,733867.8395991
2021-04-29,105.67,107.789,104.503,107.053,107.053,1093604.6578136
2021-04-30,106.975,108.506,105.916,108.191,108.191,1943890.2924684
2021-05-03,110.075,110.84,107.583,110.33,110.33,983827.83162611
2021-05-04,110.055,111.948,109.663,111.664,111.664,787786.71609575
2021-05-05,110.055,113.468,110.055,112.998,112.998,920310.44086884
2021-05-06,113.703,115.037,112.998,114.96,114.96,564675.03772286
2021-05-07,112.85,115.724,112.822,115.557,115.557,900212.1816937
2021-05-10,116.577,117.901,115.773,115.901,115.901,925599.56375616
2021-05-11,115.587,115.587,113.154,113.449,113.449,717992.31500362
2021-05-12,113.998,114.646,112.115,112.301,112.301,519812.3059078
2021-05-13,111.859,115.704,111.192,115.264,115.264,582480.46008737
2021-05-14,114.763,116.891,113.635,116.136,116.136,432983.21816875
2021-05-17,115.813,116.401,114.9,115.411,115.411,339617.14971392
2021-05-18,115.626,115.626,114.292,114.489,114.489,482236.9006923
2021-05-19,113.547,114.98,112.321,114.87,114.87,812939.61506954
2021-05-20,114.547,117.038,113.685,116.343,116.343,638672.80305254
2021-05-21,116.224,117.48,114.833,115.489,115.489,536496.28741338
2021-05-24,115.734,116.44,114.989,116.107,116.107,558129.90107355
2021-05-25,115.93,116.46,114.332,114.499,114.499,537729.8723582
2021-05-26,115.117,115.43,113.969,114.155,114.155,559438.92840341
2021-05-27,114.95,116.283,114.135,115.989,115.989,993676.12135077
2021-05-28,116.264,116.961,115.322,116.871,116.871,608141.06592272
2021-06-01,117.421,118.088,116.43,116.999,116.999,549746.62090731
2021-06-02,117.303,117.421,116.087,117.323,117.323,514711.78898312
2021-06-03,117.048,118.892,116.264,118.451,118.451,679356.63843062
2021-06-04,118.844,119.344,117.677,119.276,119.276,328929.81832845
2021-06-07,119.393,119.423,117.647,117.862,117.862,348701.84016282
2021-06-08,117.597,118.981,116.744,118.501,118.501,625071.76441728
2021-06-09,117.794,118.265,115.763,116.313,116.313,771593.11009301
2021-06-10,117.098,117.784,116.5,116.714,116.714,347202.16788694
2021-06-11,116.921,117.146,116.362,116.951,116.951,282312.54131503
2021-06-14,116.46,116.587,115.117,115.686,115.686,340358.32017248
2021-06-15,116.048,117.51,115.224,116.861,116.861,477634.915204
2021-06-16,114.96,116.921,114.96,116.087,116.087,552218.88825539
2021-06-17,116.381,116.381,111.869,112.675,112.675,426394.24337678
2021-06-18,110.948,111.634,109.163,109.848,109.848,1471199.9119606
2021-06-21,110.349,112.969,110.349,112.792,112.792,577690.88812812
2021-06-22,112.959,113.625,111.791,113.193,113.193,465847.55228511
2021-06-23,112.899,113.351,112.468,112.722,112.722,297774.1522844
2021-06-24,113.39,113.9,112.732,113.645,113.645,424244.13540272
2021-06-25,113.841,115.332,113.116,114.94,114.94,862880.43499211
2021-06-28,114.793,114.793,111.987,113.302,113.302,771773.56012213
2021-06-29,113.263,114.165,112.105,112.311,112.311,696156.84198885
2021-06-30,112.213,113.243,111.212,112.555,112.555,638286.41570207
2021-07-01,112.988,114.106,112.213,113.812,113.812,373169.64072097
2021-07-02,113.685,113.86,112.832,113.733,113.733,304327.44486723
2021-07-06,111.408,113.723,110.34,112.331,112.331,561054.82273194
2021-07-07,111.634,113.263,111.634,113.125,113.125,398156.36254929
2021-07-08,111.644,112.066,109.378,109.8,109.8,628131.25897874
2021-07-09,112.213,114.851,111.477,114.733,114.733,806867.52256435
2021-07-12,113.655,116.186,113.321,115.636,115.636,576715.23458085
2021-07-13,115.636,115.636,114.489,114.576,114.576,499512.18737805
2021-07-14,115.264,115.98,113.116,113.89,113.89,410550.32302369
2021-07-15,112.978,114.813,112.517,114.361,114.361,402818.4980473
2021-07-16,114.703,115.107,113.86,114.4,114.4,389746.57559911
2021-07-19,112.85,112.85,109.388,110.153,110.153,486435.16747142
2021-07-20,110.536,114.018,110.536,113.096,113.096,512759.46239692
2021-07-21,114.243,115.077,113.4,113.537,113.537,335601.37194731
2021-07-22,113.036,113.036,110.878,111.015,111.015,363837.21379141
2021-07-23,111.644,112.291,110.437,111.232,111.232,419659.48127314
2021-07-26,111.252,113.116,111.252,112.702,112.702,468512.50356256
2021-07-27,111.831,112.517,110.487,112.007,112.007,571927.70160498
2021-07-28,112.408,112.408,108.957,109.751,109.751,549915.85652785
2021-07-29,111.968,114.4,110.437,113.606,113.606,883558.78493881
2021-07-30,111.664,114.98,111.664,113.772,113.772,1224105.7110738
2021-08-02,114.596,116.49,114.125,114.97,114.97,625277.70173864
2021-08-03,115.528,115.803,113.174,114.803,114.803,394298.60599463
2021-08-04,114.057,114.576,111.605,111.859,111.859,723699.42948381
2021-08-05,113.409,113.959,110.83,112.341,112.341,562191.5559662
2021-08-06,113.518,115.469,113.518,115.136,115.136,452658.38829257
2021-08-09,115.136,115.833,114.302,115.459,115.459,286304.87077277
2021-08-10,115.322,116.871,115.127,116.205,116.205,519617.58299503
2021-08-11,116.597,117.215,115.852,117.038,117.038,374087.1832419
2021-08-12,117.303,117.844,116.146,117.597,117.597,333907.99625034
2021-08-13,118.088,118.088,116.814,117.166,117.166,355740.41079003
2021-08-16,116.43,117.882,115.479,117.814,117.814,358680.62482378
2021-08-17,118.461,118.991,117.343,118.451,118.451,339880.17856991
2021-08-18,117.991,119.109,116.824,116.921,116.921,362599.55087985
2021-08-19,116.048,118.197,115.989,117.45,117.45,384617.51290711
2021-08-20,117.706,119.432,117.058,119.02,119.02,383328.87541105
2021-08-23,119.206,120.354,118.539,118.972,118.972,324597.99813796
2021-08-24,119.364,119.658,118.697,118.853,118.853,281586.6632318
2021-08-25,119.157,121.295,118.872,120.511,120.511,468323.89759993
2021-08-26,121.129,121.129,118.265,118.314,118.314,350706.16082521
2021-08-27,118.304,120.178,118.304,120.069,120.069,348526.48759215
2021-08-30,119.982,120.021,118.638,118.677,118.677,286019.41309958
2021-08-31,118.412,119.952,118.03,119.099,119.099,540601.78044871
2021-09-01,119.099,119.099,117.166,117.921,117.921,379768.81042983
2021-09-02,118.177,118.491,117.313,117.862,117.862,354396.72074272
2021-09-03,118.088,118.088,116.49,116.871,116.871,383719.34072829
2021-09-07,117.146,117.146,115.194,115.273,115.273,370015.33343234
2021-09-08,114.998,116.951,114.566,116.048,116.048,374264.57479594
2021-09-09,116.077,117.627,115.018,115.107,115.107,425096.4304555
2021-09-10,115.469,116.058,113.263,113.302,113.302,396691.35299087
2021-09-13,114.008,114.833,113.253,114.361,114.361,375098.51899831
2021-09-14,114.528,114.528,112.869,113.351,113.351,479916.53760604
2021-09-15,113.046,115.107,112.859,114.793,114.793,509251.39149189
2021-09-16,114.783,115.008,113.625,114.4,114.4,380119.51557117
2021-09-17,113.939,114.89,112.879,113.007,113.007,1125167.1010419
2021-09-20,111.418,111.732,109.368,110.888,110.888,617350.1343578
2021-09-21,111.624,112.066,110.006,110.379,110.379,415051.37883469
2021-09-22,111.674,111.811,110.781,111.075,111.075,370033.68428276
2021-09-23,111.849,113.812,111.84,112.675,112.675,410573.77133256
2021-09-24,112.919,113.694,111.948,113.174,113.174,260063.15467415
2021-09-27,113.733,115.283,113.703,114.98,114.98,416356.3281978
2021-09-28,114.763,115.714,112.115,112.291,112.291,513330.37774327
2021-09-29,112.399,113.772,112.144,112.909,112.909,324660.18713105
2021-09-30,113.576,114.38,110.251,110.84,110.84,781741.1303745
2021-10-01,111.015,112.341,109.427,111.399,111.399,496022.46732344
2021-10-04,110.898,112.498,109.633,109.957,109.957,694348.26373092
2021-10-05,110.497,112.527,109.378,112.076,112.076,544793.93027767
2021-10-06,111.144,113.106,110.163,113.026,113.026,348935.30375981
2021-10-07,114.292,115.519,114.272,115.342,115.342,397489.61498408
2021-10-08,116.009,117.038,115.361,116.538,116.538,440445.89733898
2021-10-11,116.784,118.952,115.204,115.244,115.244,346414.10081062
2021-10-12,115.411,116.381,114.38,114.586,114.586,320299.82117324
2021-10-13,114.439,114.459,112.919,113.518,113.518,366169.81077795
2021-10-14,114.165,115.636,113.91,115.018,115.018,494579.88658221
2021-10-15,116.46,116.961,114.743,115.411,115.411,367371.79148037
2021-10-18,115.244,115.244,113.351,113.488,113.488,326170.05432383
2021-10-19,114.666,115.773,113.675,114.332,114.332,312631.20468164
2021-10-20,114.185,116.704,114.185,116.234,116.234,376977.44218282
2021-10-21,116.077,116.989,115.567,116.234,116.234,317551.27157722
2021-10-22,116.411,118.648,116.411,118.578,118.578,407599.91407304
2021-10-25,118.481,119.902,117.597,119.785,119.785,490940.30124918
2021-10-26,120.285,120.315,119.059,119.403,119.403,492250.34807073
2021-10-27,119.992,120.266,117.47,117.597,117.597,652333.99169751
2021-10-28,119.354,123.238,119.354,122.443,122.443,730245.58562481
2021-10-29,121.963,122.865,117.431,117.844,117.844,955841.76524604
2021-11-01,118.215,118.687,114.92,116.921,116.921,614604.64323684
2021-11-02,116.921,119.932,116.47,119.912,119.912,597910.46681436
2021-11-03,119.403,122.189,118.628,120.982,120.982,523012.49032246
2021-11-04,120.482,120.992,119.354,120.502,120.502,495021.32648394
2021-11-05,121.295,123.12,120.216,122.355,122.355,446096.93977623
2021-11-08,122.561,123.483,119.982,120.726,120.726,627104.63084699
2021-11-09,120.335,121.002,119.618,120.492,120.492,299369.65677913
2021-11-10,120.502,121.295,119.588,119.893,119.893,389451.94250073
2021-11-11,119.942,119.962,118.815,119.138,119.138,241602.19915303
2021-11-12,119.304,119.304,117.853,118.52,118.52,432364.38671297
2021-11-15,118.608,118.912,117.559,117.882,117.882,390348.07569617
2021-11-16,117.971,118.942,116.989,117.068,117.068,418973.36336582
2021-11-17,116.891,116.891,114.371,115.234,115.234,451567.53218436
2021-11-18,115.234,115.686,114.018,115.185,115.185,350209.66837221
2021-11-19,115.087,115.656,113.478,115.293,115.293,427059.97145029
2021-11-22,116.43,117.098,115.244,116.323,116.323,653891.77499972
2021-11-23,116.941,117.372,115.97,117.353,117.353,430530.32116279
2021-11-24,117.597,117.597,115.646,116.273,116.273,496160.09870158
2021-11-26,113.449,115.548,111.271,113.792,113.792,628285.20222391
2021-11-29,114.106,115.616,113.036,114.96,114.96,652090.33318362
2021-11-30,114.008,114.155,109.682,110.526,110.526,1704229.205493
2021-12-01,112.37,113.449,109.486,109.515,109.515,658614.06050744
2021-12-02,110.3,115.519,110.3,114.233,114.233,749388.5810865
2021-12-03,114.38,114.499,111.379,112.448,112.448,491004.52922564
2021-12-06,114.175,115.264,112.595,112.85,112.85,715487.42392148
2021-12-07,113.556,115.018,113.116,114.272,114.272,513468.0091214
2021-12-08,114.292,114.92,112.998,113.733,113.733,469397.42234942
2021-12-09,110.898,112.645,110.497,111.722,111.722,593934.44922366
2021-12-10,112.555,113.37,112.291,112.939,112.939,419288.38629802
2021-12-13,112.595,112.595,110.085,110.987,110.987,498248.01768255
2021-12-14,111.105,113.439,110.634,112.458,112.458,551691.81105169
2021-12-15,112.889,113.665,112.016,112.998,112.998,408724.41340703
2021-12-16,113.832,115.411,113.056,114.429,114.429,492174.90568567
2021-12-17,114.537,114.537,109.221,110.251,110.251,1713126.309471
2021-12-20,108.673,108.701,106.23,107.337,107.337,682918.74239519
2021-12-21,108.064,110.104,108.064,108.829,108.829,560869.27524438
2021-12-22,108.867,110.035,107.553,109.711,109.711,516697.75879509
2021-12-23,110.045,111.359,109.27,109.614,109.614,409992.66106929
2021-12-27,109.653,111.428,109.064,111.349,111.349,337159.1552495
2021-12-28,111.526,112.692,111.349,112.036,112.036,337391.59935481
2021-12-29,112.311,113.243,111.634,112.223,112.223,213906.68790457
2021-12-30,112.301,113.125,110.811,110.908,110.908,346340.69740896
2021-12-31,110.701,111.84,110.33,111.163,111.163,425106.6253724
2022-01-03,111.585,113.007,109.691,110.359,110.359,413839.20321537
2022-01-04,111.487,114.008,111.34,112.929,112.929,584783.4918149
2022-01-05,113.154,113.949,111.281,111.34,111.34,481419.26835699
2022-01-06,112.026,113.969,112.026,113.4,113.4,546332.34323777
2022-01-07,113.812,116.097,113.145,115.754,115.754,893713.94166213
2022-01-10,116.107,116.577,114.214,115.371,115.371,794302.28748605
2022-01-11,116.107,116.754,115.293,116.577,116.577,550217.62606807
2022-01-12,116.587,117.372,115.479,115.989,115.989,528448.42001314
2022-01-13,116.303,119.618,116.293,118.049,118.049,708865.82539543
2022-01-14,117.166,117.696,115.843,116.637,116.637,555398.68283625
2022-01-18,116.343,117.088,114.067,114.519,114.519,504197.77118494
2022-01-19,114.91,114.91,112.066,112.174,112.174,442843.74179368
2022-01-20,112.899,115.773,112.605,112.969,112.969,642769.12066264
2022-01-21,112.772,114.135,111.526,111.674,111.674,746053.82376876
2022-01-24,110.721,114.666,109.407,114.322,114.322,841365.08236797
2022-01-25,113.223,113.625,110.574,112.291,112.291,610527.69596884
2022-01-26,113.292,114.783,110.811,112.183,112.183,710315.54257851
2022-01-27,113.341,115.057,110.173,110.711,110.711,724272.38381355
2022-01-28,110.28,114.666,110.232,114.576,114.576,681180.50906389
2022-01-31,113.9,115.117,112.822,114.97,114.97,1009470.086611
2022-02-01,114.626,115.989,113.723,115.44,115.44,600753.82913755
2022-02-02,115.037,118.235,115.037,118.0,118.0,674780.14023455
2022-02-03,117.578,118.795,117.146,117.559,117.559,713380.13459841
2022-02-04,117.607,120.001,117.245,118.735,118.735,635234.05758243
2022-02-07,119.187,119.638,117.814,118.372,118.372,477658.36351287
2022-02-08,118.991,120.746,118.167,120.168,120.168,727788.61065209
2022-02-09,120.864,121.893,119.962,120.148,120.148,529965.42364775
2022-02-10,119.423,121.11,118.912,119.56,119.56,964963.15739577
2022-02-11,119.736,120.521,117.47,118.197,118.197,916600.51060921
2022-02-14,118.197,118.687,114.813,116.577,116.577,1077300.9467084
2022-02-15,117.971,119.266,117.028,117.754,117.754,897989.68980967
2022-02-16,120.266,125.033,120.266,125.023,125.023,1412235.5710905
2022-02-17,124.248,126.033,122.022,123.179,123.179,987436.83220844
2022-02-18,122.934,123.934,121.766,122.532,122.532,762451.32810947
2022-02-22,122.07,122.463,119.383,120.923,120.923,764034.59870393
2022-02-23,121.589,121.884,119.0,119.461,119.461,609159.53812096
2022-02-24,116.804,116.804,113.929,116.52,116.52,1112792.5109096
2022-02-25,117.657,122.022,117.657,121.903,121.903,719799.87376986
2022-02-28,119.294,120.913,118.314,119.805,119.805,696999.96161641
2022-03-01,118.697,119.246,116.067,117.136,117.136,774813.68434148
2022-03-02,118.471,120.855,118.02,120.393,120.393,658340.83673453
2022-03-03,120.864,121.846,119.785,121.335,121.335,523591.56160235
2022-03-04,120.011,120.589,118.137,120.206,120.206,570519.78358119
2022-03-07,119.55,119.608,116.784,116.824,116.824,901778.12092942
2022-03-08,117.745,119.276,115.833,116.42,116.42,729987.65422726
2022-03-09,119.451,120.678,118.197,118.412,118.412,655197.7438545
2022-03-10,117.372,119.511,116.724,119.187,119.187,479118.27561283
2022-03-11,119.912,121.639,118.618,118.735,118.735,537487.233336
2022-03-14,121.836,127.063,121.286,124.925,124.925,1406808.816825
2022-03-15,125.691,127.849,125.141,127.545,127.545,691022.6818384
2022-03-16,127.996,130.094,126.102,127.328,127.328,772138.53814712
2022-03-17,126.524,130.094,126.524,129.741,129.741,662723.63150952
2022-03-18,129.76,130.006,125.21,125.494,125.494,3618197.4168623
2022-03-21,126.357,128.632,126.023,128.603,128.603,738124.21740454
2022-03-22,129.741,130.104,128.063,129.172,129.172,615365.18403753
2022-03-23,128.966,130.154,128.613,129.222,129.222,735528.59156198
2022-03-24,130.134,132.38,129.466,132.242,132.242,632524.24867062
2022-03-25,132.449,134.356,132.325,134.273,134.273,464273.45711587
2022-03-28,134.145,134.234,131.781,133.175,133.175,480990.06235554
2022-03-29,134.057,134.695,132.909,133.949,133.949,380843.35467101
2022-03-30,134.322,135.558,133.738,135.509,135.509,463655.64515177
2022-03-31,136.019,136.328,132.988,133.361,133.361,743518.34793591
2022-04-01,134.538,135.509,133.149,135.43,135.43,632235.73252237
2022-04-04,134.832,134.979,131.831,132.547,132.547,437572.96975678
2022-04-05,132.164,134.518,132.046,132.694,132.694,425847.79583098
2022-04-06,132.056,135.744,131.918,134.744,134.744,743460.23690959
2022-04-07,134.577,135.096,133.136,134.371,134.371,548940.20298059
2022-04-08,135.029,135.484,133.625,135.253,135.253,550586.68205982
2022-04-11,135.587,137.143,133.734,133.871,133.871,477525.82959318
2022-04-12,133.939,135.519,133.085,134.224,134.224,466699.84733788
2022-04-13,133.909,135.479,132.586,135.205,135.205,387596.46762507
2022-04-14,135.039,136.293,134.725,135.548,135.548,365471.45897035
2022-04-18,135.126,136.426,134.705,135.94,135.94,394775.7281055
2022-04-19,136.274,136.44,135.263,136.186,136.186,555689.23796787
2022-04-20,136.666,138.755,136.352,138.55,138.55,564146.94102748
2022-04-21,139.001,140.482,137.431,137.598,137.598,427441.26134232
2022-04-22,137.206,137.206,133.807,134.047,134.047,473323.48484731
2022-04-25,133.939,133.939,130.301,133.478,133.478,840522.98223209
2022-04-26,132.046,134.096,131.271,131.467,131.467,685810.02082782
2022-04-27,131.89,133.841,130.967,132.429,132.429,602913.11253681
2022-04-28,132.624,133.929,131.065,133.399,133.399,683875.02560035
2022-04-29,131.36,131.36,119.907,120.315,120.315,2514066.5073501
2022-05-02,120.716,122.022,116.43,118.441,118.441,1111854.578555
2022-05-03,119.256,121.315,119.147,119.835,119.835,783646.56034298
2022-05-04,119.835,124.957,119.501,124.905,124.905,758702.65716563
2022-05-05,123.59,124.582,121.689,123.443,123.443,704597.21368972
2022-05-06,123.11,124.552,121.856,124.042,124.042,544245.44374849
2022-05-09,122.767,123.71,121.727,122.63,122.63,752263.54765207
2022-05-10,123.876,124.776,121.541,122.61,122.61,881823.61008256
2022-05-11,122.846,124.366,122.287,122.757,122.757,610871.26466834
2022-05-12,122.6,122.954,120.393,122.434,122.434,901236.77084207
2022-05-13,122.699,124.076,122.267,123.817,123.817,516162.52565788
2022-05-16,123.66,124.582,122.63,123.7,123.7,447360.08998004
2022-05-17,124.827,125.454,123.463,124.543,124.543,478485.17127339
2022-05-18,124.061,124.108,121.963,122.424,122.424,433558.21148186
2022-05-19,120.639,121.913,117.687,120.325,120.325,683386.68908087
2022-05-20,121.06,121.708,117.961,119.648,119.648,829708.21438539
2022-05-23,121.305,123.518,120.393,122.944,122.944,566760.91772044
2022-05-24,122.6,123.277,120.462,122.699,122.699,653703.16903708
2022-05-25,122.217,123.493,121.021,122.06,122.06,578603.33319059
2022-05-26,122.58,125.249,122.561,124.631,124.631,378521.97209306
2022-05-27,125.004,125.985,124.66,125.965,125.965,287965.62273565
2022-05-31,124.984,126.386,123.395,125.415,125.415,647047.92728526
2022-06-01,125.591,125.748,121.756,123.7,123.7,381307.22338993
2022-06-02,123.747,125.004,121.933,124.915,124.915,255290.91407361
2022-06-03,124.336,124.68,123.513,123.924,123.924,260001.98517276
2022-06-06,124.837,126.122,123.867,125.671,125.671,334572.70483216
2022-06-07,125.21,126.112,124.572,125.885,125.885,331184.93394656
2022-06-08,125.121,125.288,123.797,124.091,124.091,236618.92377267
2022-06-09,124.141,125.243,121.05,121.06,121.06,268156.89920045
2022-06-10,119.03,119.201,117.52,117.607,117.607,586320.8852833
2022-06-13,115.254,116.156,113.39,114.106,114.106,600518.32655717
2022-06-14,114.88,115.626,113.302,114.194,114.194,541426.54922585
2022-06-15,116.087,117.188,113.772,115.273,115.273,558745.67405427
2022-06-16,113.744,113.744,110.35,111.198,111.198,720130.405773
2022-06-17,111.691,113.365,111.07,112.451,112.451,1402482.378881
2022-06-21,113.951,114.454,112.296,114.01,114.01,649440.39580605
2022-06-22,112.787,115.362,112.402,114.178,114.178,530504.46417172
2022-06-23,114.424,114.918,111.346,112.067,112.067,696728.55439179
2022-06-24,113.309,115.559,112.303,114.948,114.948,1744287.24585
2022-06-27,115.254,115.914,114.494,115.618,115.618,571999.42299587
2022-06-28,116.585,117.977,116.013,116.072,116.072,469159.99216866
2022-06-29,116.457,117.164,115.717,116.329,116.329,536567.25650444
2022-06-30,115.302,117.927,114.7,117.395,117.395,694481.61179707
2022-07-01,117.247,119.288,116.575,118.756,118.756,534658.82488249
2022-07-05,117.257,117.927,114.514,117.473,117.473,655521.43124508
2022-07-06,117.295,119.16,116.941,118.213,118.213,533372.68588713
2022-07-07,119.556,120.35,117.453,117.572,117.572,577679.11009593
2022-07-08,118.144,118.697,116.467,117.059,117.059,765873.98135722
2022-07-11,116.072,119.129,115.678,116.191,116.191,893147.01257846
2022-07-12,116.171,117.227,114.968,115.273,115.273,941439.55551754
2022-07-13,114.691,115.584,113.507,114.267,114.267,819207.70267526
2022-07-14,111.721,112.225,109.501,109.639,109.639,1115043.9957488
2022-07-15,110.991,112.283,109.817,110.882,110.882,4410850.6775373
2022-07-18,111.603,111.889,107.202,107.508,107.508,744198.13053479
2022-07-19,108.959,110.398,108.405,110.222,110.222,630134.12179303
2022-07-20,110.093,110.872,108.879,109.402,109.402,588339.16522055
2022-07-21,108.909,109.323,107.687,109.235,109.235,481038.2813929
2022-07-22,109.531,110.488,108.337,109.353,109.353,442404.44974282
2022-07-25,110.064,111.751,109.974,111.05,111.05,479325.45641091
2022-07-26,110.626,112.373,110.626,112.106,112.106,668668.62986428
2022-07-27,111.721,112.827,110.804,111.948,111.948,776884.7095255
2022-07-28,107.479,108.031,95.7864,96.3784,96.3784,2400715.7648814
2022-07-29,96.3882,97.4933,95.1351,96.0429,96.0429,2610421.2855024
2022-08-01,95.0759,95.3571,92.9052,93.6255,93.6255,1245947.4051271
2022-08-02,94.0991,94.4642,92.1653,93.3492,93.3492,1324628.9091668
2022-08-03,93.5762,95.7863,93.3295,95.4114,95.4114,917262.37211785
2022-08-04,95.0168,95.6146,94.0399,94.2274,94.2274,822746.86530078
2022-08-05,94.3853,96.329,94.0991,95.9639,95.9639,841678.14212839
2022-08-08,96.5461,97.7794,96.2106,97.0295,97.0295,821279.30874816
2022-08-09,97.6116,98.2925,96.7336,97.5229,97.5229,832821.11401144
2022-08-10,98.401,99.072,98.2283,98.7069,98.7069,922956.2483006
2022-08-11,99.2989,101.982,99.2249,101.39,101.39,923643.40530522
2022-08-12,101.628,103.027,101.628,102.94,102.94,695171.80931939
2022-08-15,101.736,103.631,101.736,103.107,103.107,578910.51977233
2022-08-16,103.039,104.113,102.802,103.927,103.927,771892.17943005
2022-08-17,102.703,105.386,102.446,105.031,105.031,710346.01975159
2022-08-18,104.844,105.737,103.965,104.755,104.755,631499.31424909
2022-08-19,103.897,104.104,102.436,102.496,102.496,640212.42452732
2022-08-22,101.944,101.944,99.6536,100.266,100.266,612064.32498594
2022-08-23,100.207,100.838,99.595,99.8116,99.8116,397622.69126388
2022-08-24,99.8116,100.207,98.924,99.9497,99.9497,318890.51192881
2022-08-25,100.137,101.588,99.3873,101.548,101.548,350020.34584712
2022-08-26,101.716,102.135,99.3873,99.4867,99.4867,502678.65950861
2022-08-29,99.0028,99.9596,98.3665,98.8845,98.8845,491589.89138553
2022-08-30,98.9732,100.088,97.0493,97.2268,97.2268,680161.78684405
2022-08-31,97.4341,97.7695,95.5471,95.6679,95.6679,812435.45620799
2022-09-01,95.5396,96.694,95.0364,96.4178,96.4178,560602.54907722
2022-09-02,96.8026,98.0261,95.1647,95.5298,95.5298,539100.00776479
2022-09-06,96.3586,96.9407,95.4212,95.9244,95.9244,775703.97514442
2022-09-07,96.0034,97.809,95.9738,97.7104,97.7104,489747.33764751
2022-09-08,97.0394,98.7513,96.921,98.3517,98.3517,612594.38857504
2022-09-09,98.9832,99.8215,98.6082,99.3482,99.3482,735952.24647945
2022-09-12,99.8215,101.47,99.8215,101.252,101.252,844150.08303436
2022-09-13,99.9497,100.522,97.8781,98.0556,98.0556,833281.24569299
2022-09-14,98.5588,99.1311,97.4143,98.8647,98.8647,768770.58123801
2022-09-15,98.8647,100.772,98.6164,99.1529,99.1529,785009.27721539
2022-09-16,99.3416,99.3416,96.7187,96.7784,96.7784,3967399.0154739
2022-09-19,96.0233,98.6362,95.9537,98.517,98.517,728484.75224567
2022-09-20,98.0302,98.0302,95.1192,96.4008,96.4008,846160.80530641
2022-09-21,96.9175,97.3099,93.8674,93.8872,93.8872,446851.54311779
2022-09-22,94.2449,94.3939,92.1535,92.387,92.387,905607.27721134
2022-09-23,91.9896,92.4069,90.5788,91.4034,91.4034,818072.67193619
2022-09-26,90.7775,91.3438,88.0851,89.6747,89.6747,633547.14328177
2022-09-27,89.943,90.4397,88.7607,90.1516,90.1516,689436.54992008
2022-09-28,90.559,92.3473,89.943,91.8803,91.8803,625783.80304367
2022-09-29,91.4631,91.622,90.6682,91.2544,91.2544,674036.69180482
2022-09-30,91.3935,91.8157,88.7806,88.9892,88.9892,923965.31722207
2022-10-03,90.0523,93.0179,89.0389,92.6553,92.6553,1029637.5331663
2022-10-04,93.0626,95.7352,93.0626,95.5663,95.5663,686193.5209758
2022-10-05,94.4734,96.6889,94.4734,96.0134,96.0134,612183.61462188
2022-10-06,95.2782,95.7252,94.5032,94.9503,94.9503,867626.99968707
2022-10-07,94.4933,94.5131,93.0378,93.3309,93.3309,890433.88759777
2022-10-10,93.917,95.3974,93.8773,95.1291,95.1291,412135.43159795
2022-10-11,94.7516,97.9706,94.4039,95.9339,95.9339,744458.33056522
2022-10-12,95.9438,97.8414,95.4868,96.4704,96.4704,882605.12312584
2022-10-13,95.3974,101.13,94.692,100.742,100.742,817383.20116436
2022-10-14,100.782,101.825,98.2587,98.4077,98.4077,844570.49316117
2022-10-17,100.097,100.246,98.4624,99.6397,99.6397,767675.88135899
2022-10-18,101.12,101.845,100.017,100.931,100.931,761264.30644434
2022-10-19,100.643,101.925,99.4708,100.385,100.385,630806.37114793
2022-10-20,99.3913,99.3913,96.6194,97.1162,97.1162,830486.16540909
2022-10-21,97.2552,99.5006,96.5101,98.5965,98.5965,3071300.3957538
2022-10-24,99.9377,100.752,98.2686,99.0138,99.0138,1052830.9273199
2022-10-25,98.2388,98.3879,96.0829,98.3084,98.3084,797113.76699932
2022-10-26,99.0933,99.7192,97.1162,97.4639,97.4639,1037600.1656859
2022-10-27,98.5866,100.067,98.06,98.1693,98.1693,678169.49032908
2022-10-28,98.7555,101.945,98.5667,101.825,101.825,640037.22727702
2022-10-31,101.17,102.779,100.42,102.65,102.65,1919813.7499355
2022-11-01,102.799,102.938,97.7619,98.5766,98.5766,1111149.082823
2022-11-02,98.0302,100.534,97.3248,98.4077,98.4077,920397.18016203
2022-11-03,97.2552,98.0699,96.0034,96.371,96.371,634726.79254394
2022-11-04,96.8082,99.2224,96.7982,99.1429,99.1429,518229.38221868
2022-11-07,99.2522,101.766,98.7207,101.766,101.766,671556.61007959
2022-11-08,101.378,102.62,100.842,102.481,102.481,686702.82347295
2022-11-09,101.875,102.481,100.623,100.832,100.832,411024.22614964
2022-11-10,103.713,107.002,102.948,106.853,106.853,996024.5748814
2022-11-11,107.3,109.783,106.296,109.376,109.376,1049084.6350385
2022-11-14,109.406,111.045,108.174,108.224,108.224,984000.6072314
2022-11-15,108.919,109.018,105.293,105.7,105.7,550877.08142303
2022-11-16,105.889,106.276,104.781,105.174,105.174,585341.56127431
2022-11-17,104.111,105.114,103.614,104.955,104.955,324937.00623199
2022-11-18,106.088,106.922,104.945,106.167,106.167,404462.67876053
2022-11-21,105.899,106.764,105.283,106.137,106.137,539182.2479955
2022-11-22,106.813,107.618,106.018,107.339,107.339,385946.61406194
2022-11-23,107.24,108.124,106.714,108.095,108.095,367259.43982875
2022-11-25,108.532,109.223,108.204,109.118,109.118,174302.23722456
2022-11-28,108.522,108.748,106.574,106.694,106.694,447651.73182378
2022-11-29,106.366,108.293,106.321,107.429,107.429,404353.97387971
2022-11-30,106.564,110.34,104.925,110.24,110.24,962092.54764077
2022-12-01,111.115,111.413,109.108,110.399,110.399,598462.64299918
2022-12-02,109.038,110.047,108.999,109.694,109.694,363161.86973808
2022-12-05,109.128,109.893,106.217,107.171,107.171,372456.13704764
2022-12-06,107.101,107.18,105.114,106.247,106.247,469660.44408183
2022-12-07,105.869,106.495,103.991,104.12,104.12,522684.26927869
2022-12-08,104.309,105.581,103.932,105.521,105.521,467732.94550074
2022-12-09,105.561,106.197,104.011,105.223,105.223,466090.29396845
2022-12-12,105.422,106.714,104.209,106.674,106.674,528816.02977792
2022-12-13,108.522,109.297,106.644,106.892,106.892,652719.46337194
2022-12-14,106.972,108.522,104.975,105.72,105.72,619486.97216987
2022-12-15,103.9,104.78,103.42,103.66,103.66,496624.0
2022-12-16,102.5,103.09,100.935,102.22,102.22,2362891.0
2022-12-19,102.44,103.03,100.15,100.94,100.94,603764.0
2022-12-20,101.46,102.96,101.33,102.31,102.31,481058.0
2022-12-21,102.8,104.68,102.76,104.55,104.55,404298.0
2022-12-22,104.07,104.365,102.24,103.75,103.75,321861.0
2022-12-23,103.72,104.52,103.1085,104.46,104.46,216450.0
2022-12-27,104.67,105.34,103.85,104.44,104.44,246361.0
2022-12-28,104.81,104.99,102.69,102.71,102.71,284388.0
2022-12-29,103.19,104.682,102.895,104.16,104.16,383597.0
2022-12-30,103.08,103.86,101.48,102.39,102.39,394800.0
2023-01-03,102.4,104.66,102.4,104.01,104.01,526464.0
2023-01-04,104.81,106.57,104.81,106.35,106.35,440459.0
2023-01-05,106.25,106.91,105.315,106.67,106.67,575883.0
2023-01-06,107.88,110.22,107.205,109.74,109.74,476378.0
2023-01-09,109.74,109.85,108.43,108.69,108.69,621928.0
2023-01-10,108.35,111.095,108.26,110.51,110.51,456847.0
2023-01-11,110.14,111.28,109.345,109.89,109.89,457538.0
2023-01-12,109.88,110.31,107.72,107.93,107.93,475472.0
2023-01-13,107.09,109.11,106.83,108.75,108.75,317287.0
2023-01-17,108.75,109.04,105.12,106.19,106.19,573661.0
2023-01-18,106.19,107.01,104.33,104.4,104.4,355387.0
2023-01-19,103.58,104.215,101.05,101.15,101.15,678106.0
2023-01-20,101.15,102.95,98.83,102.73,102.73,570478.0
2023-01-23,103.35,105.73,101.98,105.19,105.19,416710.0
2023-01-24,105.32,106.25,105.09,105.5,105.5,340895.0
2023-01-25,104.27,105.49,103.42,105.17,105.17,379729.0
2023-01-26,105.36,105.91,104.75,105.79,105.79,391503.0
2023-01-27,105.39,105.99,104.41,105.44,105.44,392816.0
2023-01-30,106.25,113.565,105.78,111.52,111.52,1347076.0
2023-01-31,111.66,113.44,110.265,113.15,113.15,1313188.0
2023-02-01,112.85,114.85,111.9,114.31,114.31,697170.0
2023-02-02,114.06,115.69,112.995,115.41,115.41,679538.0
2023-02-03,114.9,116.46,114.67,115.11,115.11,682856.0
2023-02-06,114.56,115.47,113.24,115.28,115.28,616101.0
2023-02-07,116.56,128.19,115.45,127.62,127.62,1424920.0
2023-02-08,127.99,129.41,126.81,127.69,127.69,1021041.0
2023-02-09,128.7,130.66,126.15,126.25,126.25,1123025.0
2023-02-10,125.67,126.49,123.25,125.17,125.17,635018.0
2023-02-13,125.36,127.1899,124.1626,127.11,127.11,496025.0
2023-02-14,127.14,127.77,125.45,125.78,125.78,509260.0
2023-02-15,125.34,126.83,124.67,126.72,126.72,423180.0
2023-02-16,125.13,127.05,125.13,125.89,125.89,484765.0
2023-02-17,125.39,127.47,125.23,127.03,127.03,498189.0
2023-02-21,126.64,126.935,124.21,124.86,124.86,573724.0
2023-02-22,124.66,125.72,124.04,124.71,124.71,534526.0
2023-02-23,124.73,125.49,122.43,122.97,122.97,439999.0
2023-02-24,121.81,121.925,120.5,121.45,121.45,517565.0
2023-02-27,121.88,123.81,120.625,120.98,120.98,520058.0
2023-02-28,121.15,121.82,120.58,120.7,120.7,938251.0
2023-03-01,119.91,121.195,118.77,119.92,119.92,647553.0
2023-03-02,119.6,121.4098,118.45,119.55,119.55,412447.0
2023-03-03,119.66,121.13,119.28,121.06,121.06,501385.0
2023-03-06,121.5,122.02,120.135,120.93,120.93,630061.0
2023-03-07,120.76,121.92,117.3327,117.84,117.84,562357.0
2023-03-08,118.47,118.8099,116.26,117.0,117.0,648360.0
2023-03-09,117.14,118.06,114.31,114.91,114.91,657043.0
2023-03-10,114.14,115.19,112.14,112.57,112.57,960791.0
2023-03-13,110.2,111.04,107.74,108.76,108.76,1574985.0
2023-03-14,111.61,112.8,109.475,111.12,111.12,1405265.0
2023-03-15,107.57,108.095,105.045,107.51,107.51,1725448.0
2023-03-16,105.84,111.01,104.66,110.87,110.87,1302199.0
2023-03-17,109.65,109.765,102.865,104.91,104.91,7773392.0
2023-03-20,106.0,110.86,105.5601,110.41,110.41,1135730.0
2023-03-21,113.0,113.03,110.42,111.27,111.27,705161.0
2023-03-22,111.08,111.46,107.68,107.73,107.73,573410.0
2023-03-23,107.62,108.06,105.06,105.98,105.98,475831.0
2023-03-24,104.37,106.63,104.04,106.6,106.6,574507.0
2023-03-27,108.24,109.17,107.44,108.39,108.39,621139.0
2023-03-28,107.69,108.55,107.37,108.03,108.03,428604.0
2023-03-29,109.29,110.94,108.82,110.73,110.73,509921.0
2023-03-30,111.21,111.67,109.73,110.36,110.36,395260.0
2023-03-31,111.35,112.24,110.97,112.08,112.08,636480.0
2023-04-03,112.09,113.24,111.985,112.43,112.43,812023.0
2023-04-04,112.49,112.49,109.7,110.85,110.85,385690.0
2023-04-05,110.0,111.54,109.62,111.28,111.28,629831.0
2023-04-06,111.28,111.96,110.15,111.85,111.85,575769.0
2023-04-10,111.49,111.98,110.67,111.31,111.31,373054.0
2023-04-11,111.55,112.32,110.8704,110.99,110.99,341023.0
2023-04-12,111.14,111.895,110.13,110.43,110.43,336040.0
2023-04-13,109.95,110.79,108.88,110.55,110.55,465148.0
2023-04-14,111.395,111.46,106.11,106.74,106.74,762736.0
2023-04-17,106.52,107.56,105.2,107.52,107.52,924232.0
2023-04-18,107.67,108.055,107.015,107.84,107.84,635778.0
2023-04-19,107.42,108.87,107.38,108.32,108.32,421842.0
2023-04-20,108.02,108.69,106.38,106.92,106.92,553520.0
2023-04-21,106.5,106.5,104.8,105.78,105.78,431536.0
2023-04-24,106.26,106.76,104.99,105.56,105.56,309430.0
2023-04-25,104.94,105.21,103.41,103.55,103.55,510477.0
2023-04-26,102.78,103.72,101.35,101.8,101.8,735278.0
2023-04-27,101.98,103.64,101.79,103.61,103.61,652415.0
2023-04-28,106.78,106.81,103.34,106.44,106.44,1086523.0
2023-05-01,105.95,106.82,105.01,105.33,105.33,613306.0
2023-05-02,104.65,104.86,102.045,103.64,103.64,652327.0
2023-05-03,103.94,106.0,103.6601,104.44,104.44,618536.0
2023-05-04,103.75,104.94,102.17,104.01,104.01,539861.0
2023-05-05,104.93,105.97,104.5,105.24,105.24,593264.0
2023-05-08,105.71,106.51,105.17,106.0,106.0,438753.0
2023-05-09,105.43,106.27,104.9,105.52,105.52,322521.0
2023-05-10,105.93,106.3697,103.8957,104.5,104.5,321552.0
2023-05-11,104.16,104.16,103.2313,103.95,103.95,549428.0
2023-05-12,104.54,104.69,102.4,103.57,103.57,334107.0
2023-05-15,104.05,104.17,103.31,104.01,104.01,373979.0
2023-05-16,103.62,104.01,101.76,101.82,101.82,322075.0
2023-05-17,102.46,103.23,101.88,102.69,102.69,373153.0
2023-05-18,103.4,105.81,102.76,105.73,105.73,578562.0
2023-05-19,106.54,106.83,104.665,104.96,104.96,574948.0
2023-05-22,105.07,105.21,103.43,104.43,104.43,348390.0
2023-05-23,104.35,104.62,102.34,102.71,102.71,355039.0
2023-05-24,102.26,102.36,100.14,100.43,100.43,412936.0
2023-05-25,99.8,100.09,98.11,98.49,98.49,427468.0
2023-05-26,98.26,99.145,97.58,98.32,98.32,351264.0
2023-05-30,97.96,99.015,97.13,98.88,98.88,519855.0
2023-05-31,98.74,99.07,96.355,96.5,96.5,1299314.0
2023-06-01,96.51,97.31,95.49,97.15,97.15,593836.0
2023-06-02,97.9,100.88,97.4,100.58,100.58,654916.0
2023-06-05,100.42,101.1,99.54,100.57,100.57,542168.0
2023-06-06,100.57,101.29,100.25,101.16,101.16,429022.0
2023-06-07,101.4,103.06,100.56,102.82,102.82,546653.0
2023-06-08,102.39,102.65,101.1606,101.68,101.68,674246.0
2023-06-09,101.42,102.7,101.06,101.93,101.93,462209.0
2023-06-12,101.89,103.45,101.34,103.05,103.05,547462.0
2023-06-13,103.02,104.0,102.72,102.92,102.92,477373.0
2023-06-14,102.94,103.26,99.67,99.97,99.97,667469.0
2023-06-15,99.28,100.93,98.965,100.4,100.4,535900.0
2023-06-16,100.99,101.815,100.39,100.9,100.9,1949069.0
2023-06-20,100.3,100.5,98.105,98.93,98.93,763365.0
2023-06-21,98.8,98.8,97.73,97.99,97.99,524609.0
2023-06-22,98.42,98.72,96.91,97.43,97.43,788482.0
2023-06-23,96.87,97.58,95.35,95.71,95.71,1286540.0
2023-06-26,96.68,96.95,95.36,96.73,96.73,828088.0
2023-06-27,96.8,98.34,96.8,97.18,97.18,719217.0
2023-06-28,97.1,97.345,95.01,95.55,95.55,532791.0
2023-06-29,95.73,96.95,95.4,96.64,96.64,589203.0
2023-06-30,97.13,97.86,96.72,97.32,97.32,659502.0
2023-07-03,96.58,98.69,96.23,98.32,98.32,377209.0
2023-07-05,97.62,97.62,95.96,96.99,96.99,388412.0
2023-07-06,96.48,97.33,95.81,97.24,97.24,805858.0
2023-07-07,97.24,99.445,97.24,98.17,98.17,845866.0
2023-07-10,97.89,99.24,97.18,97.4,97.4,642217.0
2023-07-11,98.31,99.81,97.94,99.6,99.6,763365.0
2023-07-12,100.72,101.59,99.71,99.82,99.82,710650.0
2023-07-13,99.11,100.215,98.87,99.68,99.68,536629.0
2023-07-14,100.03,100.03,97.7,97.89,97.89,599548.0
2023-07-17,97.96,99.5,97.96,98.36,98.36,495883.0
2023-07-18,98.11,99.95,97.82,99.73,99.73,627339.0
2023-07-19,99.54,100.5372,99.52,99.99,99.99,569241.0
2023-07-20,100.73,102.705,100.73,102.56,102.56,813712.0
2023-07-21,103.06,103.26,102.08,102.56,102.56,678622.0
2023-07-24,102.75,103.88,102.3,102.74,102.74,572136.0
2023-07-25,102.89,103.24,101.65,101.7,101.7,524408.0
2023-07-26,102.11,104.145,101.99,103.62,103.62,755990.0
2023-07-27,103.74,104.43,102.28,102.62,102.62,847995.0
2023-07-28,107.92,111.73,106.25,109.65,109.65,1636480.0
2023-07-31,109.92,110.3599,106.7,107.58,107.58,2007048.0
2023-08-01,107.57,108.76,107.2065,108.41,108.41,1027247.0
2023-08-02,108.05,110.475,107.7107,109.39,109.39,809789.0
2023-08-03,108.73,109.85,107.69,109.39,109.39,698998.0
2023-08-04,109.39,110.41,108.825,109.0,109.0,554831.0
2023-08-07,110.18,110.68,109.42,109.72,109.72,555646.0
2023-08-08,108.43,108.98,107.75,108.48,108.48,844163.0
2023-08-09,108.48,109.37,107.95,108.61,108.61,832377.0
2023-08-10,109.02,109.77,107.2535,107.54,107.54,583631.0
2023-08-11,107.17,108.305,107.08,107.56,107.56,556814.0
2023-08-14,107.73,107.77,106.48,106.86,106.86,530484.0
2023-08-15,105.97,106.4,105.18,105.63,105.63,497599.0
2023-08-16,105.35,106.85,105.35,105.67,105.67,394097.0
2023-08-17,106.3,106.425,104.865,105.13,105.13,503556.0
2023-08-18,104.35,105.05,103.67,103.87,103.87,554319.0
2023-08-21,103.9,104.105,103.05,103.82,103.82,504994.0
2023-08-22,103.87,104.38,103.02,103.22,103.22,546804.0
2023-08-23,103.46,104.595,103.46,104.35,104.35,531520.0
2023-08-24,104.35,105.71,104.02,104.02,104.02,466437.0
2023-08-25,104.1,104.94,103.6,104.22,104.22,399562.0
2023-08-28,104.22,105.085,103.87,104.42,104.42,366125.0
2023-08-29,104.67,104.89,104.21,104.86,104.86,510208.0
2023-08-30,105.0,106.455,105.0,106.19,106.19,631369.0
2023-08-31,106.32,106.745,105.48,105.79,105.79,642343.0
2023-09-01,106.66,106.96,106.14,106.48,106.48,468759.0
2023-09-05,106.34,106.56,104.894,105.06,105.06,524630.0
2023-09-06,105.16,105.68,104.31,104.52,104.52,521001.0
2023-09-07,104.55,105.17,104.335,104.76,104.76,505468.0
2023-09-08,104.76,105.645,104.43,105.0,105.0,567145.0
2023-09-11,105.52,106.26,105.29,105.91,105.91,449898.0
2023-09-12,106.18,107.87,105.985,107.19,107.19,748078.0
2023-09-13,107.74,107.74,106.08,106.43,106.43,435819.0
2023-09-14,107.02,108.515,106.66,108.44,108.44,667183.0
2023-09-15,107.67,107.82,106.65,107.19,107.19,1120305.0
2023-09-18,107.2,108.9,106.2776,108.44,108.44,608148.0
2023-09-19,108.51,109.36,108.36,109.06,109.06,551411.0
2023-09-20,109.53,110.57,109.22,109.52,109.52,672696.0
2023-09-21,109.5,109.5,107.03,107.44,107.44,660398.0
2023-09-22,107.25,107.6875,106.81,107.01,107.01,566118.0
2023-09-25,106.9,107.01,106.245,106.64,106.64,499393.0
2023-09-26,106.45,107.16,104.2,105.2,105.2,1237113.0
2023-09-27,105.48,105.48,104.1,104.7,104.7,499391.0
2023-09-28,104.8,105.46,103.42,103.7,103.7,634144.0
2023-09-29,103.71,104.25,101.95,102.29,102.29,622496.0
2023-10-02,101.84,101.84,99.57,100.06,100.06,754923.0
2023-10-03,99.94,100.56,99.06,99.78,99.78,548827.0
2023-10-04,99.98,101.095,98.455,100.88,100.88,690118.0
2023-10-05,100.68,101.93,100.67,101.34,101.34,672274.0
2023-10-06,100.74,101.16,100.04,100.26,100.26,953012.0
2023-10-09,100.51,102.31,100.01,102.3,102.3,690301.0
2023-10-10,102.45,103.26,101.29,101.39,101.39,749593.0
2023-10-11,101.53,102.64,101.53,102.27,102.27,568937.0
2023-10-12,102.81,102.81,100.69,101.35,101.35,525661.0
2023-10-13,102.31,103.1538,101.33,101.8,101.8,552790.0
2023-10-16,102.83,103.8299,102.42,103.1,103.1,659297.0
2023-10-17,102.82,104.83,102.72,104.05,104.05,677919.0
2023-10-18,103.91,103.91,102.35,102.54,102.54,632876.0
2023-10-19,102.73,102.73,100.61,100.92,100.92,677507.0
2023-10-20,101.13,101.45,98.57,98.63,98.63,739467.0
2023-10-23,98.48,98.77,97.49,98.2,98.2,584724.0
2023-10-24,98.65,99.93,98.65,99.82,99.82,465955.0
2023-10-25,99.27,101.33,98.1,98.39,98.39,1481272.0
2023-10-26,98.65,100.05,98.0,99.68,99.68,1207747.0
2023-10-27,97.55,102.53,96.86,97.58,97.58,1453478.0
2023-10-30,98.5,100.87,97.7232,100.3,100.3,1153698.0
2023-10-31,100.39,100.6,98.97,99.67,99.67,1523157.0
2023-11-01,100.4,102.14,99.615,101.93,101.93,727458.0
2023-11-02,102.44,103.88,99.685,99.89,99.89,770918.0
2023-11-03,101.23,102.1,100.82,100.88,100.88,672821.0
2023-11-06,100.88,101.22,99.715,100.11,100.11,454563.0
2023-11-07,100.11,100.87,99.66,100.63,100.63,477733.0
2023-11-08,101.07,101.07,99.625,99.84,99.84,265299.0
2023-11-09,100.03,100.355,98.99,99.09,99.09,419648.0
2023-11-10,99.43,99.9,98.65,99.73,99.73,482192.0
2023-11-13,99.55,100.0,99.01,99.18,99.18,464573.0
2023-11-14,100.17,102.685,99.84,102.2,102.2,625374.0
2023-11-15,102.29,103.125,101.27,101.38,101.38,512038.0
2023-11-16,101.6,102.21,100.99,101.08,101.08,519448.0
2023-11-17,101.42,101.7,100.44,100.89,100.89,613974.0
2023-11-20,100.95,101.0543,99.61,100.78,100.78,592609.0
2023-11-21,100.94,101.91,100.94,101.57,101.57,418112.0
2023-11-22,101.74,102.19,101.0279,102.04,102.04,280069.0
2023-11-24,102.25,102.69,101.88,102.68,102.68,178254.0
2023-11-27,102.45,102.55,101.34,102.5,102.5,334929.0
2023-11-28,102.18,102.51,100.64,100.69,100.69,685258.0
2023-11-29,100.84,101.16,99.92,100.66,100.66,582431.0
2023-11-30,100.92,102.87,100.6,102.79,102.79,713893.0
2023-12-01,102.58,103.43,102.185,102.65,102.65,473854.0
2023-12-04,102.48,103.88,102.46,103.77,103.77,596409.0
2023-12-05,103.77,104.015,102.89,103.17,103.17,489353.0
2023-12-06,103.32,103.7,101.37,101.54,101.54,444859.0
2023-12-07,101.87,102.69,101.3801,102.61,102.61,657555.0
2023-12-08,102.77,103.11,102.0994,102.8,102.8,478243.0
2023-12-11,103.37,104.35,103.21,103.91,103.91,1488203.0
2023-12-12,104.0,104.89,103.555,104.63,104.63,636910.0
2023-12-13,104.8,106.09,103.89,105.98,105.98,924457.0
2023-12-14,106.79,106.79,104.52,104.94,104.94,942225.0
2023-12-15,104.75,105.205,101.64,102.48,102.48,1798182.0
2023-12-18,102.22,102.6,101.12,101.94,101.94,735450.0
2023-12-19,101.98,103.075,101.71,102.33,102.33,881305.0
2023-12-20,102.2,102.67,100.97,100.98,100.98,604779.0
2023-12-21,101.11,102.26,100.31,101.85,101.85,508238.0
2023-12-22,102.34,102.65,101.4785,101.85,101.85,344734.0
2023-12-26,101.86,102.86,101.41,102.55,102.55,297452.0
2023-12-27,102.35,103.005,101.8,102.75,102.75,370282.0
2023-12-28,102.88,103.685,102.88,103.39,103.39,268668.0
2023-12-29,103.3,103.67,102.92,103.46,103.46,656740.0
2024-01-02,103.39,105.96,103.2621,105.88,105.88,899937.0
2024-01-03,106.04,106.8,105.09,105.24,105.24,624782.0
2024-01-04,105.93,107.35,105.93,106.6,106.6,712600.0
2024-01-05,106.89,108.07,106.725,107.36,107.36,475600.0
2024-01-08,107.59,107.74,106.25,107.49,107.49,643370.0
2024-01-09,107.03,107.225,105.27,106.51,106.51,438220.0
2024-01-10,106.4,107.49,105.9896,107.42,107.42,505846.0
2024-01-11,107.51,108.36,107.16,108.27,108.27,656798.0
2024-01-12,108.87,109.29,106.62,107.37,107.37,914195.0
2024-01-16,107.37,108.13,106.61,107.29,107.29,616029.0
2024-01-17,107.05,108.57,107.01,107.3,107.3,455241.0
2024-01-18,106.71,108.35,106.4,108.27,108.27,464104.0
2024-01-19,109.74,111.96,109.73,111.29,111.29,858271.0
2024-01-22,111.75,112.27,111.21,111.95,111.95,508937.0
2024-01-23,112.1,112.49,111.27,111.75,111.75,1032682.0
2024-01-24,112.07,113.21,111.77,112.95,112.95,604100.0
2024-01-25,113.72,113.83,111.27,112.3,112.3,619113.0
2024-01-26,112.62,112.62,111.79,112.21,112.21,414558.0
2024-01-29,110.45,112.03,110.01,111.93,111.93,704953.0
2024-01-30,111.68,112.2913,110.99,112.03,112.03,509882.0
2024-01-31,112.33,112.91,110.6,110.8,110.8,1547062.0
2024-02-01,110.09,110.88,108.565,110.57,110.57,761492.0
2024-02-02,110.96,112.9168,110.93,112.22,112.22,780720.0
2024-02-05,111.46,112.3,111.0,111.77,111.77,660557.0
2024-02-06,111.8,112.835,111.8,112.1,112.1,786803.0
2024-02-07,107.97,108.99,104.78,107.03,107.03,1701542.0
2024-02-08,107.05,108.01,105.75,107.6,107.6,939690.0
2024-02-09,107.65,109.48,107.12,108.89,108.89,647224.0
2024-02-12,109.33,111.25,109.33,110.53,110.53,787677.0
2024-02-13,110.53,111.23,107.75,109.62,109.62,798035.0
2024-02-14,110.12,111.55,109.98,110.94,110.94,665450.0
2024-02-15,111.06,112.85,110.895,112.41,112.41,711087.0
2024-02-16,112.37,113.345,111.38,111.86,111.86,685277.0
2024-02-20,111.61,112.34,110.81,110.94,110.94,448467.0
2024-02-21,111.49,111.61,110.58,111.25,111.25,898072.0
2024-02-22,111.33,112.315,110.785,112.11,112.11,624017.0
2024-02-23,112.64,113.17,112.32,112.81,112.81,741791.0
2024-02-26,112.15,112.87,111.27,112.24,112.24,482519.0
2024-02-27,112.22,113.39,111.66,113.32,113.32,485376.0
2024-02-28,113.3,114.1,112.73,113.7,113.7,861332.0
2024-02-29,114.47,114.47,112.25,114.0,114.0,1266531.0
2024-03-01,114.0,114.16,113.13,113.54,113.54,540951.0
2024-03-04,113.25,113.78,112.26,112.42,112.42,847335.0
2024-03-05,112.36,113.045,111.5,111.96,111.96,593938.0
2024-03-06,117.93,119.38,116.02,117.79,117.79,2247941.0
2024-03-07,118.0,118.27,116.75,117.23,117.23,1327966.0
2024-03-08,117.25,118.76,117.1,117.29,117.29,765549.0
2024-03-11,117.01,118.07,116.7,117.38,117.38,878409.0
2024-03-12,117.17,118.65,117.1,118.34,118.34,877513.0
2024-03-13,118.82,119.99,118.45,118.91,118.91,674388.0
2024-03-14,119.03,119.9325,117.75,119.81,119.81,1093524.0
2024-03-15,119.81,121.38,119.41,119.9,119.9,10787296.0
2024-03-18,119.09,119.42,117.71,118.22,118.22,958093.0
2024-03-19,118.69,119.2443,117.69,117.87,117.87,889448.0
2024-03-20,117.56,119.2,117.06,118.6,118.6,483191.0
2024-03-21,118.6,119.2,118.045,118.84,118.84,492201.0
2024-03-22,119.29,119.695,117.38,117.42,117.42,727340.0
2024-03-25,118.5,121.19,118.5,120.76,120.76,971514.0
2024-03-26,120.55,121.61,120.18,120.28,120.28,773828.0
2024-03-27,120.87,123.365,120.87,123.29,123.29,807442.0
2024-03-28,123.73,124.35,123.235,124.17,124.17,762681.0
2024-04-01,123.96,123.96,122.07,122.17,122.17,663206.0
2024-04-02,122.73,123.01,121.55,121.65,121.65,693509.0
2024-04-03,121.23,122.305,120.03,121.29,121.29,486107.0
2024-04-04,122.1,122.34,119.88,120.28,120.28,419960.0
2024-04-05,120.96,121.657,120.47,121.52,121.52,424039.0
2024-04-08,121.74,122.51,121.01,121.9,121.9,517951.0
2024-04-09,122.5,122.79,119.543,119.88,119.88,394459.0
2024-04-10,119.88,121.3,119.655,120.84,120.84,573737.0
2024-04-11,121.29,121.29,119.1,119.17,119.17,527347.0
2024-04-12,119.1,120.11,118.421,118.62,118.62,464551.0
2024-04-15,119.99,120.0,116.545,116.8,116.8,830205.0
2024-04-16,116.65,117.85,116.33,117.07,117.07,529890.0
2024-04-17,116.64,117.3,115.15,115.3,115.3,876043.0
2024-04-18,116.7,117.9,116.37,117.52,117.52,808157.0
2024-04-19,118.22,120.03,118.1,119.95,119.95,808530.0
2024-04-22,120.9,121.85,119.76,120.96,120.96,484473.0
2024-04-23,121.21,121.86,120.7,120.83,120.83,528535.0
2024-04-24,119.83,120.57,119.47,119.92,119.92,601915.0
2024-04-25,119.15,119.55,118.04,118.44,118.44,717138.0
2024-04-26,118.26,118.26,109.93,110.88,110.88,2184563.0
2024-04-29,111.29,114.64,111.1897,113.55,113.55,1372447.0
2024-04-30,113.04,116.04,113.04,115.69,115.69,1289782.0
2024-05-01,115.69,118.52,115.69,117.3,117.3,1039428.0
2024-05-02,118.33,118.45,115.3229,116.16,116.16,883037.0
2024-05-03,115.79,117.24,115.03,116.94,116.94,593865.0
2024-05-06,117.66,118.0668,117.045,117.38,117.38,378703.0
2024-05-07,117.96,118.185,117.05,117.2,117.2,411409.0
2024-05-08,117.34,117.825,117.1,117.44,117.44,399267.0
2024-05-09,117.15,118.529,117.15,118.31,118.31,403924.0
2024-05-10,118.31,119.19,118.13,118.87,118.87,331292.0
2024-05-13,119.04,119.485,118.13,118.33,118.33,300205.0
2024-05-14,118.55,119.04,117.82,118.21,118.21,330765.0
2024-05-15,118.07,118.385,117.09,117.29,117.29,312783.0
2024-05-16,117.92,118.94,117.54,118.52,118.52,578044.0
2024-05-17,119.2,120.14,118.45,120.06,120.06,463504.0
2024-05-20,120.1,120.2066,117.36,117.95,117.95,625232.0
2024-05-21,118.6,118.99,118.311,118.59,118.59,418852.0
2024-05-22,118.66,119.61,118.47,118.82,118.82,545994.0
2024-05-23,118.67,118.67,117.01,117.11,117.11,398412.0
2024-05-24,117.49,117.9597,116.99,117.68,117.68,529860.0
2024-05-28,117.02,117.22,115.54,115.74,115.74,574496.0
2024-05-29,115.43,115.65,114.43,114.66,114.66,537020.0
2024-05-30,114.47,116.722,114.355,116.2,116.2,734979.0
2024-05-31,116.1,117.65,115.94,117.58,117.58,944911.0
2024-06-03,117.32,117.7,115.45,116.35,116.35,405443.0
2024-06-04,115.95,116.115,114.355,114.84,114.84,703201.0
2024-06-05,115.03,115.28,113.36,114.62,114.62,425586.0
2024-06-06,114.57,115.47,114.23,114.91,114.91,361054.0
2024-06-07,115.27,116.73,114.9116,115.97,115.97,327758.0
2024-06-10,115.43,115.43,114.49,115.26,115.26,410662.0
2024-06-11,114.65,115.74,113.155,113.9,113.9,689413.0
2024-06-12,114.0,114.47,113.1,113.69,113.69,530771.0
2024-06-13,113.39,113.88,112.2,113.66,113.66,521244.0
2024-06-14,112.69,113.23,111.92,112.27,112.27,670762.0
2024-06-17,112.27,113.98,112.27,113.81,113.81,444512.0
2024-06-18,113.02,114.39,112.78,113.67,113.67,525007.0
2024-06-20,114.22,116.125,114.2,115.4,115.4,1063562.0
2024-06-21,115.61,115.61,114.19,115.21,115.21,1199841.0
2024-06-24,115.2,117.1,114.84,116.61,116.61,547723.0
2024-06-25,116.9,117.54,115.365,115.82,115.82,597831.0
2024-06-26,115.45,115.45,113.7,114.94,114.94,666349.0
2024-06-27,115.38,116.73,114.41,116.68,116.68,427236.0
2024-06-28,118.18,119.28,117.02,118.1,118.1,1867590.0
2024-07-01,118.985,119.74,118.37,119.19,119.19,736226.0
2024-07-02,118.12,119.485,118.12,118.85,118.85,879472.0
2024-07-03,118.54,119.14,116.69,116.72,116.72,485607.0
2024-07-05,116.34,116.4575,114.75,115.7,115.7,1034832.0
2024-07-08,116.47,117.65,116.45,116.68,116.68,390728.0
2024-07-09,116.56,118.46,116.15,116.93,116.93,524854.0
2024-07-10,117.22,119.16,117.21,119.1,119.1,701192.0
2024-07-11,119.61,121.54,119.0727,121.41,121.41,1180595.0
2024-07-12,122.22,123.54,121.65,122.34,122.34,662556.0
2024-07-15,122.74,124.28,122.525,123.26,123.26,729994.0
2024-07-16,123.71,125.96,123.5734,125.13,125.13,626315.0
2024-07-17,125.94,128.17,125.94,127.17,127.17,816154.0
2024-07-18,126.59,128.23,125.79,126.01,126.01,571800.0
2024-07-19,126.32,126.46,120.34,121.03,121.03,989434.0
2024-07-22,121.85,122.0,120.18,120.39,120.39,625703.0
2024-07-23,120.39,121.41,119.72,121.2,121.2,696435.0
2024-07-24,121.95,121.95,119.79,120.03,120.03,754932.0
2024-07-25,120.75,122.73,120.02,120.3,120.3,780752.0
2024-07-26,116.0,125.765,115.43,123.96,123.96,889459.0
2024-07-29,124.59,126.62,124.59,126.45,126.45,651018.0
2024-07-30,127.45,130.565,127.27,130.18,130.18,1073599.0
2024-07-31,129.78,131.08,129.19,130.62,130.62,1438468.0
2024-08-01,131.25,132.69,127.13,129.94,129.94,1713583.0
2024-08-02,129.08,130.67,126.64,130.35,130.35,1138385.0
2024-08-05,129.14,129.14,125.02,125.82,125.82,892371.0
2024-08-06,126.09,129.06,126.09,126.78,126.78,606626.0
2024-08-07,127.1,128.41,125.87,126.27,126.27,651035.0
2024-08-08,126.61,127.69,126.55,127.36,127.36,367415.0
2024-08-09,127.23,128.27,126.45,128.18,128.18,296725.0
2024-08-12,128.04,128.54,126.8,126.86,126.86,275438.0
2024-08-13,127.77,128.6,126.65,128.47,128.47,411959.0
2024-08-14,128.39,130.67,127.66,130.07,130.07,553943.0
2024-08-15,130.77,131.21,129.31,129.87,129.87,433422.0
2024-08-16,129.08,131.27,129.02,131.12,131.12,515003.0
2024-08-19,131.14,131.9799,131.125,131.32,131.32,216824.0
2024-08-20,131.32,131.495,130.44,130.66,130.66,258556.0
2024-08-21,131.6,131.9999,130.23,131.04,131.04,236701.0
2024-08-22,130.98,132.05,130.3301,131.97,131.97,352978.0
2024-08-23,132.61,133.12,131.75,132.81,132.81,200361.0
2024-08-26,133.11,134.23,132.43,132.56,132.56,224768.0
2024-08-27,132.94,133.71,132.59,133.6,133.6,339549.0
2024-08-28,133.91,134.905,132.83,134.82,134.82,456635.0
2024-08-29,135.0,135.92,133.53,135.61,135.61,372041.0
2024-08-30,135.75,137.51,135.6,137.03,137.03,726397.0
2024-09-03,136.79,138.42,136.42,137.57,137.57,528571.0
2024-09-04,138.55,139.3399,137.41,138.2,138.2,578829.0
2024-09-05,138.91,139.145,135.67,136.34,136.34,465980.0
2024-09-06,136.33,137.325,134.97,135.39,135.39,468423.0
2024-09-09,136.14,138.485,133.88,137.47,137.47,840626.0
2024-09-10,137.47,138.56,136.53,137.44,137.44,327716.0
2024-09-11,136.85,137.125,132.22,133.97,133.97,597737.0
2024-09-12,133.99,135.22,133.55,135.12,135.12,305245.0
2024-09-13,135.62,136.37,134.84,135.82,135.82,315221.0
2024-09-16,136.54,137.61,135.92,137.18,137.18,626184.0
2024-09-17,136.38,137.61,135.92,136.17,136.17,761518.0
2024-09-18,136.44,137.34,135.74,136.3,136.3,434819.0
2024-09-19,136.96,137.65,134.345,135.77,135.77,384413.0
2024-09-20,135.32,135.86,134.43,134.63,134.63,1523029.0
2024-09-23,135.46,136.285,134.7,136.23,136.23,383298.0
2024-09-24,136.23,136.6,134.685,136.19,136.19,291227.0
2024-09-25,137.26,137.26,135.1,135.22,135.22,443480.0
2024-09-26,135.68,136.205,134.18,134.96,134.96,412867.0
2024-09-27,135.19,136.255,135.0,135.64,135.64,364625.0
2024-09-30,136.01,136.42,134.0,136.12,136.12,601725.0
2024-10-01,136.41,137.93,135.01,137.28,137.28,515925.0
2024-10-02,137.28,137.71,136.47,136.7,136.7,279686.0
2024-10-03,136.29,136.32,135.2,135.74,135.74,240699.0
2024-10-04,136.0,138.92,135.5,138.72,138.72,432250.0
2024-10-07,138.78,138.94,132.13,132.86,132.86,561710.0
2024-10-08,133.82,135.2,133.82,133.88,133.88,498201.0
2024-10-09,133.67,135.55,133.5964,134.69,134.69,392234.0
2024-10-10,136.28,137.01,134.24,135.01,135.01,480920.0
2024-10-11,135.85,137.47,135.46,136.39,136.39,489132.0
2024-10-14,136.35,137.0,135.06,136.88,136.88,427730.0
2024-10-15,136.71,138.98,136.64,136.8,136.8,515346.0
2024-10-16,136.61,138.74,136.5804,138.22,138.22,587994.0
2024-10-17,140.5,141.83,139.81,141.3,141.3,1007687.0
2024-10-18,140.96,141.68,139.93,141.4,141.4,625616.0
2024-10-21,141.53,142.25,139.679,140.17,140.17,452101.0
2024-10-22,139.51,139.64,137.03,138.6,138.6,428273.0
2024-10-23,138.24,139.22,137.33,138.88,138.88,373615.0
2024-10-24,139.1,139.52,137.885,138.24,138.24,616562.0
2024-10-25,139.59,141.91,137.82,141.25,141.25,857205.0
2024-10-28,142.11,144.82,141.67,144.49,144.49,866618.0
2024-10-29,144.61,145.3299,141.3064,142.0,142.0,670607.0
2024-10-30,141.96,143.845,141.96,143.44,143.44,543559.0
2024-10-31,143.31,143.85,140.76,140.83,140.83,1067872.0
2024-11-01,140.88,142.685,140.5,140.65,140.65,393565.0
2024-11-04,140.29,140.785,137.65,138.19,138.19,551086.0
2024-11-05,138.18,140.6,138.13,140.37,140.37,484026.0
2024-11-06,149.0,150.96,147.84,149.68,149.68,868245.0
2024-11-07,148.71,148.95,146.45,147.12,147.12,489543.0
2024-11-08,147.73,149.29,147.31,148.69,148.69,412717.0
2024-11-11,149.78,152.3,149.375,151.17,151.17,411960.0
2024-11-12,150.7,152.21,150.4,151.18,151.18,358875.0
2024-11-13,149.17,151.74,149.17,150.78,150.78,371668.0
2024-11-14,150.7,150.7,148.74,149.55,149.55,639248.0
2024-11-15,150.01,151.95,149.5101,151.78,151.78,760217.0
2024-11-18,151.6,152.85,150.82,152.13,152.13,420190.0
2024-11-19,149.91,150.75,148.905,150.58,150.58,320260.0
2024-11-20,151.38,151.99,150.19,151.62,151.62,403406.0
2024-11-21,152.71,155.25,151.77,154.85,154.85,478106.0
2024-11-22,154.36,156.87,154.31,156.47,156.47,391555.0
2024-11-25,157.86,159.75,157.41,159.42,159.42,876391.0
2024-11-26,159.42,159.81,158.59,159.61,159.61,468786.0
2024-11-27,160.15,161.745,159.9,160.16,160.16,456877.0
2024-11-29,160.46,160.76,159.01,159.83,159.83,361209.0
2024-12-02,159.92,160.03,156.5552,157.58,157.58,548739.0
2024-12-03,158.54,158.54,156.24,156.49,156.49,473390.0
2024-12-04,156.44,156.879,155.0,156.3,156.3,338466.0
2024-12-05,156.82,158.02,156.265,157.16,157.16,531606.0
2024-12-06,156.97,157.75,155.23,156.03,156.03,332210.0
2024-12-09,155.85,156.12,152.81,153.65,153.65,362192.0
2024-12-10,152.7,153.03,148.81,149.83,149.83,975422.0
2024-12-11,150.19,152.0,149.04,151.68,151.68,578598.0
2024-12-12,152.56,153.39,151.34,152.16,152.16,490818.0
2024-12-13,152.63,153.54,151.6,152.22,152.22,455678.0
2024-12-16,153.16,153.99,152.06,152.29,152.29,818902.0
2024-12-17,151.06,151.16,147.14,147.8,147.8,760654.0
2024-12-18,146.72,148.36,142.88,143.0,143.0,861429.0
2024-12-19,142.71,144.44,141.67,142.23,142.23,680608.0
2024-12-20,141.35,144.85,141.03,144.57,144.57,2881186.0
2024-12-23,143.84,144.48,142.04,142.9,142.9,664613.0
2024-12-24,142.96,145.27,142.73,145.27,145.27,274313.0
2024-12-26,145.07,145.65,143.97,145.31,145.31,315743.0
2024-12-27,144.18,145.42,143.1,144.05,144.05,386923.0
2024-12-30,142.59,143.705,141.475,143.14,143.14,430522.0
2024-12-31,143.44,144.1768,143.04,143.7,143.7,329500.0
2025-01-02,143.9,144.67,142.26,142.48,142.48,534591.0
2025-01-03,142.51,143.31,140.975,142.1,142.1,465815.0
2025-01-06,141.91,144.81,141.0,141.75,141.75,596886.0
2025-01-07,141.99,143.335,140.805,142.31,142.31,483682.0
2025-01-08,142.31,142.31,139.95,141.71,141.71,700619.0
2025-01-10,139.19,139.205,132.99,135.58,135.58,1151816.0
2025-01-13,135.59,136.785,133.67,135.92,135.92,582181.0
2025-01-14,136.13,139.58,136.035,139.49,139.49,614738.0
2025-01-15,143.09,143.9399,140.77,141.24,141.24,679850.0
2025-01-16,140.99,143.34,140.99,142.91,142.91,434770.0
2025-01-17,143.66,144.115,140.5,140.66,140.66,607825.0
2025-01-21,141.16,142.43,138.175,140.13,140.13,823654.0
2025-01-22,141.11,141.64,137.88,138.01,138.01,775350.0
2025-01-23,137.59,138.625,135.95,136.07,136.07,771755.0
2025-01-24,135.52,137.33,135.52,137.24,137.24,392548.0
2025-01-27,137.71,141.125,137.71,140.89,140.89,612112.0
2025-01-28,140.75,141.18,138.71,139.42,139.42,509847.0
2025-01-29,139.51,140.31,137.44,138.27,138.27,668593.0
2025-01-30,139.21,140.03,138.2,139.04,139.04,571542.0
2025-01-31,138.55,138.615,136.43,137.05,137.05,1757292.0
2025-02-03,137.07,137.864,134.055,136.93,136.93,1003109.0
2025-02-04,136.66,137.48,135.395,135.63,135.63,762205.0
2025-02-05,136.35,137.06,135.38,136.77,136.77,666770.0
2025-02-06,137.66,138.0,136.595,137.91,137.91,764588.0
2025-02-07,138.08,138.755,136.46,136.96,136.96,632355.0
2025-02-10,137.41,137.73,135.44,135.62,135.62,833626.0
2025-02-11,141.505,145.14,138.5,139.43,139.43,1374158.0
2025-02-12,136.87,136.87,132.245,133.67,133.67,940804.0
2025-02-13,134.0,137.29,133.81,137.19,137.19,1121572.0
2025-02-14,137.06,138.7851,136.335,136.97,136.97,948657.0
2025-02-18,136.97,137.04,135.6,136.61,136.61,939194.0
2025-02-19,136.51,137.5,134.92,136.43,136.43,641723.0
2025-02-20,135.77,135.93,133.66,135.77,135.77,603478.0
2025-02-21,135.83,136.85,134.9,135.14,135.14,468571.0
2025-02-24,135.77,138.15,135.77,137.13,137.13,640113.0
2025-02-25,137.76,140.468,137.56,139.94,139.94,853575.0
2025-02-26,140.21,141.12,139.45,140.18,140.18,673108.0
2025-02-27,140.38,144.73,140.35,144.55,144.55,707269.0
2025-02-28,145.82,147.95,145.2451,147.81,147.81,961617.0
2025-03-03,148.18,150.39,146.555,147.48,147.48,751914.0
2025-03-04,147.86,148.23,143.13,143.26,143.26,964020.0
2025-03-05,142.74,145.4736,142.31,143.18,143.18,618138.0
2025-03-06,141.93,142.13,140.06,140.77,140.77,820965.0
2025-03-07,140.23,141.185,138.1,139.96,139.96,654689.0
2025-03-10,139.4,142.17,137.67,138.46,138.46,640974.0
2025-03-11,138.74,141.06,136.71,140.13,140.13,925607.0
2025-03-12,140.18,141.67,137.38,139.96,139.96,1168338.0
2025-03-13,139.74,142.34,139.45,141.99,141.99,1489848.0
2025-03-14,142.66,145.57,141.95,145.39,145.39,1238608.0
2025-03-17,145.05,147.59,144.22,147.22,147.22,833800.0
2025-03-18,147.15,147.6,145.82,145.88,145.88,1156574.0
2025-03-19,145.6,148.32,145.6,147.68,147.68,754079.0
2025-03-20,146.86,147.99,145.2,146.22,146.22,845363.0
2025-03-21,145.63,146.7,143.605,145.62,145.62,3566818.0
2025-03-24,145.51,146.46,144.42,145.67,145.67,600217.0
2025-03-25,145.67,146.98,144.46,145.8,145.8,788089.0
2025-03-26,146.3,148.035,145.54,146.49,146.49,601200.0
2025-03-27,146.74,148.03,145.6,147.54,147.54,652042.0
2025-03-28,147.54,149.0162,145.28,145.55,145.55,593781.0
2025-03-31,145.55,148.425,145.365,147.72,147.72,798596.0
2025-04-01,147.73,148.69,145.66,147.45,147.45,532967.0
2025-04-02,146.82,148.04,145.78,147.59,147.59,559098.0
2025-04-03,144.03,146.61,142.99,144.7,144.7,926401.0
2025-04-04,141.61,142.49,130.72,131.69,131.69,1339002.0
2025-04-07,129.04,132.435,123.58,126.6,126.6,1156283.0
2025-04-08,130.82,133.36,125.17,127.05,127.05,971049.0
2025-04-09,125.16,135.21,123.015,134.63,134.63,1407758.0
2025-04-10,134.25,134.37,129.91,131.6,131.6,799426.0
2025-04-11,131.41,132.0099,128.03,131.09,131.09,842010.0
2025-04-14,132.31,134.6,131.5408,133.31,133.31,572435.0
2025-04-15,133.51,135.1067,132.92,133.33,133.33,430376.0
2025-04-16,133.52,135.32,131.46,132.11,132.11,472486.0
2025-04-17,133.01,133.79,131.59,132.24,132.24,463628.0
2025-04-21,131.92,132.02,126.45,127.72,127.72,699662.0
2025-04-22,129.92,133.35,129.5468,132.95,132.95,567232.0
2025-04-23,134.0,137.46,133.24,134.05,134.05,735085.0
2025-04-24,133.57,135.92,132.37,135.36,135.36,517414.0
2025-04-25,134.4,135.04,132.14,133.69,133.69,686830.0
2025-04-28,133.81,136.39,133.475,135.87,135.87,909753.0
2025-04-29,144.21,144.21,136.58,139.85,139.85,1206913.0
2025-04-30,139.45,139.9,135.86,139.21,139.21,979305.0
2025-05-01,137.92,141.1,136.62,139.84,139.84,746176.0
2025-05-02,141.07,144.08,140.47,143.58,143.58,522885.0
2025-05-05,142.2,144.66,141.78,143.89,143.89,374555.0
2025-05-06,143.07,145.27,142.68,144.92,144.92,504258.0
2025-05-07,144.92,146.38,144.53,145.2,145.2,519875.0
2025-05-08,146.28,148.295,145.4,146.67,146.67,441757.0
2025-05-09,146.76,148.23,146.14,147.8,147.8,503004.0
2025-05-12,150.07,150.07,146.91,150.0,150.0,578840.0
2025-05-13,149.87,151.0,148.56,148.56,148.56,718256.0
2025-05-14,147.98,148.375,145.1,146.3,146.3,515826.0
2025-05-15,146.44,149.61,146.44,149.3,149.3,395049.0
2025-05-16,149.3,150.89,148.82,150.86,150.86,635693.0
2025-05-19,150.29,151.67,149.81,150.95,150.95,470939.0
2025-05-20,150.32,150.98,149.9,150.17,150.17,384273.0
2025-05-21,149.3,149.76,146.43,146.52,146.52,455150.0
2025-05-22,146.52,146.72,144.27,145.3,145.3,531670.0
2025-05-23,144.13,146.14,143.85,145.83,145.83,329731.0
2025-05-27,147.59,149.53,146.13,149.47,149.47,448365.0
2025-05-28,149.25,149.295,147.6,147.82,147.82,436668.0
2025-05-29,147.86,150.0,147.58,149.97,149.97,473606.0
2025-05-30,149.61,151.12,148.59,150.82,150.82,1106734.0
2025-06-02,150.57,151.6,148.165,151.6,151.6,537202.0
2025-06-03,151.6,152.33,148.34,151.51,151.51,517202.0
2025-06-04,151.51,151.51,149.72,149.76,149.76,480328.0
2025-06-05,149.76,150.08,148.37,149.87,149.87,419390.0
2025-06-06,151.0,152.01,150.15,151.03,151.03,350110.0
2025-06-09,151.03,151.06,145.74,148.97,148.97,386417.0
2025-06-10,148.19,148.475,146.405,147.05,147.05,396683.0
2025-06-11,146.98,147.67,145.795,146.99,146.99,427195.0
2025-06-12,146.67,148.275,146.265,148.25,148.25,438341.0
2025-06-13,147.29,148.13,145.0,146.36,146.36,440848.0
2025-06-16,146.59,148.1,146.01,146.7,146.7,728959.0
2025-06-17,145.55,145.79,143.63,145.27,145.27,509284.0
2025-06-18,145.43,147.19,145.34,145.7,145.7,498597.0
2025-06-20,145.7,146.8171,145.18,145.44,145.44,1159974.0
2025-06-23,144.83,147.29,144.45,147.24,147.24,590955.0
2025-06-24,147.92,147.92,146.35,146.69,146.69,533439.0
2025-06-25,146.69,146.69,143.37,143.72,143.72,645646.0
2025-06-26,144.37,145.95,143.83,145.76,145.76,337566.0
2025-06-27,145.37,146.63,144.6199,146.23,146.23,1007403.0
2025-06-30,145.86,149.33,145.64,148.92,148.92,721137.0
2025-07-01,148.57,150.045,148.365,149.38,149.38,542760.0
2025-07-02,149.06,149.06,144.575,146.11,146.11,542910.0
2025-07-03,146.41,148.7,145.4401,148.59,148.59,472524.0
2025-07-07,148.35,149.08,145.45,146.23,146.23,442797.0
2025-07-08,145.96,147.21,145.425,146.09,146.09,539378.0
2025-07-09,146.72,146.75,145.36,146.71,146.71,670980.0
2025-07-10,146.5,148.335,145.44,147.855,147.855,456473.0
2025-07-11,147.41,148.25,146.1983,147.41,147.41,448866.0
2025-07-14,147.34,149.58,147.2,149.26,149.26,340749.0
2025-07-15,148.64,149.02,145.5202,145.8,145.8,885192.0
2025-07-16,146.47,147.95,145.0,147.73,147.73,479482.0
2025-07-17,146.755,149.39,145.0,149.03,149.03,578625.0
2025-07-18,149.85,151.075,148.34,150.73,150.73,699338.0
2025-07-21,150.39,151.2299,148.77,149.0,149.0,376027.0
2025-07-22,149.59,151.26,148.995,151.0,151.0,382746.0
2025-07-23,152.02,152.02,149.785,150.92,150.92,270983.0
2025-07-24,150.04,150.065,146.33,147.87,147.87,659137.0
2025-07-25,148.32,150.245,147.529,149.4,149.4,419300.0
2025-07-28,149.06,149.525,147.07,147.1,147.1,829066.0
2025-07-29,154.47,157.51,151.11,152.42,152.42,1149615.0
2025-07-30,153.26,153.33,148.935,149.51,149.51,884965.0
2025-07-31,149.0,150.68,146.97,147.51,147.51,869873.0
2025-08-01,146.79,146.79,143.8742,146.19,146.19,694651.0
2025-08-04,146.52,149.78,146.52,149.74,149.74,523361.0
2025-08-05,150.39,151.14,149.5001,150.43,150.43,569210.0
2025-08-06,150.85,154.43,150.43,154.05,154.05,811787.0
2025-08-07,154.45,154.45,150.79,151.47,151.47,534738.0
2025-08-08,151.66,153.44,149.38,150.13,150.13,510570.0
2025-08-11,150.5,151.85,149.21,149.875,149.875,365489.0
2025-08-12,150.07,151.46,149.82,151.39,151.39,423126.0
2025-08-13,151.43,154.31,151.105,154.01,154.01,495831.0
2025-08-14,154.01,154.6275,152.91,154.15,154.15,503338.0
2025-08-15,155.35,155.44,150.54,151.06,151.06,760775.0
2025-08-18,150.7,150.7,149.6,149.79,149.79,376290.0
2025-08-19,150.11,152.41,150.11,152.38,152.38,542901.0
2025-08-20,152.8,154.12,152.245,153.65,153.65,529390.0
2025-08-21,153.19,153.91,152.88,152.96,152.96,384234.0
2025-08-22,154.18,156.43,153.97,155.4,155.4,458350.0
2025-08-25,155.4,155.9999,153.29,153.31,153.31,387445.0
2025-08-26,153.31,153.9,152.47,153.59,153.59,557341.0
2025-08-27,153.04,154.47,153.04,154.01,154.01,470540.0
2025-08-28,153.97,154.02,152.88,153.4,153.4,466835.0
2025-08-29,153.59,154.71,153.4,153.6,153.6,375893.0
2025-09-02,153.09,153.48,151.96,152.95,152.95,399572.0
2025-09-03,152.05,153.7,152.05,153.53,153.53,280178.0
2025-09-04,154.5,155.63,154.45,155.59,155.59,229054.0
2025-09-05,155.78,155.97,152.375,153.36,153.36,333269.0
2025-09-08,153.42,153.579,151.54,153.46,153.46,345112.0
2025-09-09,153.07,154.777,153.07,153.69,153.69,407975.0
2025-09-10,152.33,152.95,151.22,152.31,152.31,443075.0
2025-09-11,152.51,156.9,152.18,156.76,156.76,395252.0
2025-09-12,156.36,157.67,156.135,156.86,156.86,613681.0
2025-09-15,157.15,157.645,154.65,155.13,155.13,515882.0
2025-09-16,154.69,154.7,153.1,153.27,153.27,434683.0
2025-09-17,153.05,156.36,152.975,154.48,154.48,405937.0
2025-09-18,153.66,156.095,153.66,155.93,155.93,426087.0
2025-09-19,156.48,156.89,154.272,156.11,156.11,1123169.0
2025-09-22,154.47,155.505,153.91,154.69,154.69,357860.0
2025-09-23,154.05,156.03,154.05,154.44,154.44,302779.0
2025-09-24,154.53,155.23,154.01,154.52,154.52,337629.0
2025-09-25,154.83,156.5692,154.12,154.42,154.42,380409.0
2025-09-26,155.29,157.14,155.15,156.9,156.9,312002.0
2025-09-29,157.04,157.315,155.87,156.37,156.37,396898.0
2025-09-30,156.46,158.4,155.8115,158.1,158.1,378685.0
2025-10-01,157.5,160.34,157.21,159.79,159.79,484612.0
2025-10-02,158.85,160.64,158.48,160.51,160.51,452283.0
2025-10-03,160.51,164.034,160.51,163.29,163.29,594106.0
2025-10-06,164.31,165.93,163.65,165.21,165.21,476007.0
2025-10-07,165.21,166.895,165.0,165.69,165.69,406097.0
2025-10-08,165.43,166.7945,164.77,165.55,165.55,445107.0
2025-10-09,165.61,166.19,161.06,161.68,161.68,540361.0
2025-10-10,162.64,163.55,158.7,158.97,158.97,712137.0
2025-10-13,159.0,159.665,157.33,157.88,157.88,487064.0
2025-10-14,157.42,159.3,156.705,158.75,158.75,498988.0
2025-10-15,158.56,159.5299,155.525,156.35,156.35,573784.0
2025-10-16,153.975,154.62,151.09,151.39,151.39,675438.0
2025-10-17,151.72,154.43,151.72,153.02,153.02,592611.0
2025-10-20,153.92,155.155,153.04,154.9,154.9,379489.0
2025-10-21,154.06,156.87,153.524,156.29,156.29,496169.0
2025-10-22,157.24,157.795,154.83,155.47,155.47,495949.0
2025-10-23,155.66,156.59,154.93,155.72,155.72,350246.0
2025-10-24,155.72,157.09,155.72,156.67,156.67,370215.0
2025-10-27,156.74,158.34,156.5,157.64,157.64,657767.0
2025-10-28,157.1,157.1,151.42,151.75,151.75,970742.0
2025-10-29,150.7,152.27,150.0,151.83,151.83,790911.0
2025-10-30,151.5,154.6098,150.925,154.36,154.36,742573.0
2025-10-31,152.95,155.92,152.75,154.59,154.59,998835.0
2025-11-03,153.86,154.905,151.99,153.66,153.66,750151.0
2025-11-04,153.85,157.4,153.82,157.39,157.39,647273.0
2025-11-05,157.77,160.26,156.8956,160.04,160.04,520441.0
2025-11-06,160.19,161.87,160.095,161.38,161.38,603742.0
2025-11-07,161.89,164.77,161.58,164.64,164.64,694816.0
2025-11-10,164.24,167.095,163.685,166.4,166.4,431070.0
2025-11-11,166.77,168.0,165.56,166.13,166.13,397388.0
2025-11-12,165.72,168.2039,165.485,166.89,166.89,357874.0
2025-11-13,166.71,167.9509,165.65,166.01,166.01,517676.0
2025-11-14,166.14,166.54,163.74,163.9,163.9,510868.0
2025-11-17,164.43,164.55,160.94,161.44,161.44,544821.0
2025-11-18,161.82,164.145,161.0038,162.37,162.37,540547.0
2025-11-19,162.57,162.89,160.58,161.65,161.65,403417.0
2025-11-20,162.9,164.96,162.71,163.66,163.66,367347.0
2025-11-21,164.09,167.89,163.82,166.02,166.02,606133.0
2025-11-24,165.49,167.47,164.655,166.71,166.71,844260.0
2025-11-25,168.2,169.23,167.88,168.38,168.38,374583.0
2025-11-26,168.26,169.86,167.955,168.48,168.48,718014.0
2025-11-28,169.25,169.43,167.22,167.59,167.59,266257.0
2025-12-01,166.85,168.67,165.45,166.03,166.03,466768.0
2025-12-02,166.03,166.81,163.52,163.77,163.77,759888.0
2025-12-03,163.77,164.5587,161.66,162.83,162.83,497233.0
2025-12-04,162.78,164.15,162.41,163.01,163.01,351002.0
2025-12-05,162.41,162.78,161.08,162.3,162.3,393028.0
2025-12-08,162.2,162.22,160.42,161.3,161.3,442894.0
2025-12-09,161.4,163.09,161.37,161.49,161.49,353707.0
2025-12-10,161.29,163.82,161.04,162.62,162.62,1030867.0
2025-12-11,163.08,166.36,163.08,165.02,165.02,529882.0
2025-12-12,166.37,167.3543,164.74,165.86,165.86,482659.0
2025-12-15,166.8,167.6425,165.315,167.07,167.07,522377.0
2025-12-16,167.97,168.095,163.355,165.42,165.42,666745.0
2025-12-17,165.37,167.285,164.39,167.11,167.11,580150.0
2025-12-18,166.73,168.22,166.45,167.91,167.91,461082.0
2025-12-19,167.76,168.08,166.27,167.29,167.29,1077941.0
2025-12-22,165.78,168.17,164.93,166.96,166.96,494759.0
2025-12-23,166.96,167.78,165.74,165.78,165.78,763127.0
2025-12-24,165.78,166.6525,164.96,165.87,165.87,227520.0
2025-12-26,166.48,166.48,164.39,164.79,164.79,271787.0
2025-12-29,165.18,165.78,164.31,164.99,164.99,552270.0
2025-12-30,164.54,165.28,164.24,164.95,164.95,356665.0
2025-12-31,164.59,164.68,162.91,163.32,163.32,453254.0
2026-01-02,163.32,163.32,160.38,161.49,161.49,547280.0
2026-01-05,160.24,163.28,159.3,161.96,161.96,637130.0
2026-01-06,161.52,162.675,159.58,162.12,162.12,753534.0
2026-01-07,161.65,163.4799,160.48,163.04,163.04,594252.0
2026-01-08,163.29,166.275,163.025,165.19,165.19,576356.0
2026-01-09,165.19,166.11,162.695,162.99,162.99,596673.0
2026-01-12,162.66,164.79,161.66,163.63,163.63,628086.0
2026-01-13,163.33,164.52,160.59,161.01,161.01,591901.0
2026-01-14,161.22,163.82,161.22,163.68,163.68,567093.0
2026-01-15,164.09,165.49,162.86,163.37,163.37,435190.0
2026-01-16,163.05,163.18,161.7601,162.18,162.18,646169.0
2026-01-20,162.3,163.0,160.35,160.81,160.81,667071.0
2026-01-21,160.98,162.75,160.5,161.78,161.78,523383.0
2026-01-22,161.57,161.57,157.56,158.15,158.15,794480.0
2026-01-23,157.06,157.89,155.14,157.03,157.03,590610.0
2026-01-26,157.92,159.635,157.42,157.98,157.98,725392.0
2026-01-27,157.645,158.1,155.72,157.86,157.86,494684.0
2026-01-28,157.31,159.35,156.365,158.4,158.4,527631.0
2026-01-29,159.44,161.09,157.73,158.19,158.19,1361806.0
2026-01-30,158.19,161.11,156.77,160.89,160.89,1075507.0
2026-02-02,161.56,162.86,160.91,162.48,162.48,736783.0
2026-02-03,161.93,165.13,161.08,163.84,163.84,600622.0
2026-02-04,164.95,169.82,164.83,168.95,168.95,715711.0
2026-02-05,169.54,172.73,169.49,171.5,171.5,751951.0
2026-02-06,172.5,174.27,172.27,172.65,172.65,593545.0
